    80511	        0	1.678812	133.191812	33.319117
    80511	        1	0.530171	0.000000	0.000000
    80511	        2	0.000000	17.034721	73.554743
    80511	        3	1.153814	0.000000	0.000000
    80511	        4	0.553487	28.394286	30.858147
    80511	        5	1.379609	84.644842	25.033821
    80511	        6	1.135901	30.371430	30.099782
    80511	        7	1.066898	186.163258	27.180797
    80511	        8	42671.656642	165.063138	0.900387
    80511	        9	1.178710	0.000000	0.000000
    80511	       10	0.295791	216.455782	27.460409
    80511	       11	5.617404	139.304370	14.550243
    80511	       12	0.373096	46.261311	39.452766
    80511	       13	0.110361	0.697584	11.472173
    80511	       14	1.436136	0.000000	0.000000
    80511	       15	0.090980	0.000000	0.000000
    80511	       16	0.093256	0.000000	0.000000
    80511	       17	3.235301	0.000000	0.000000
    80511	       18	0.670456	0.000000	0.000000
    80511	       19	79062338.254520	0.000000	0.000000
    80511	       20	0.547368	242.457616	34.327900
    80511	       21	0.253478	68.142042	36.812889
    80511	       22	2.846901	60.304858	24.158231
    80511	       23	0.706010	313.220681	38.337128
    80511	       24	0.581190	6.078675	27.314403
    80511	       25	4.509523	182.100778	49.986171
    80511	       26	1.705424	200.179066	27.412968
    80511	       27	1.531737	0.000000	0.000000
    80511	       28	0.565502	0.000000	0.000000
    80511	       29	0.001838	80.170604	63.334724
    80511	       30	1.027970	126.810157	20.686311
    80511	       31	1.712239	18.086283	35.681608
    80511	       32	0.426401	0.000000	0.000000
    80511	       33	101240.956715	170.134714	89.998618
    80511	       34	3.039106	37.004591	53.545403
    80511	       35	0.868896	0.000000	0.000000
    80511	       36	1.799658	352.869054	22.630775
    80511	       37	0.192702	178.131092	27.743606
    80511	       38	0.417522	0.000000	0.000000
    80511	       39	0.543781	0.000000	0.000000
    80511	       40	0.505583	240.778993	48.940044
    80511	       41	0.369895	0.000000	0.000000
    80511	       42	0.487660	326.757610	44.772494
    80511	       43	1.112541	42.673192	20.174063
    80511	       44	1.912817	0.000000	0.000000
    80511	       45	0.746295	173.609836	89.515382
    80511	       46	0.321976	77.706723	44.613274
    80511	       47	0.224223	0.000000	0.000000
    80511	       48	0.586505	355.058923	24.765747
    80511	       49	0.517952	0.000000	0.000000
    80511	       50	0.194098	151.958393	18.688925
    80511	       51	0.480216	323.274310	26.023539
    80511	       52	0.181259	0.000000	0.000000
    80511	       53	4.365562	57.190162	56.441559
    80511	       54	0.937720	0.000000	0.000000
    80511	       55	2.595036	0.000000	0.000000
    80511	       56	1.926173	275.472567	30.302958
    80511	       57	0.275168	44.490266	33.689424
    80511	       58	2444634.541920	0.000000	0.000000
    80511	       59	252.102760	0.000000	0.000000
    80511	       60	1100907.870912	0.000000	0.000000
    80511	       61	0.133851	0.000000	0.000000
    80511	       62	1.974194	0.000000	0.000000
    80511	       63	0.397254	0.000000	0.000000
    80511	       64	2.049176	322.090516	3.049538
    80511	       65	2.030685	0.000000	0.000000
    80511	       66	1.738892	83.920752	39.015331
    80511	       67	0.181966	0.000000	0.000000
    80511	       68	0.347093	50.441721	41.625898
    80511	       69	0.107790	0.000000	0.000000
    80511	       70	0.206827	0.000000	0.000000
    80511	       71	1.075956	173.216557	41.466481
    80511	       72	0.213268	0.000000	0.000000
    80511	       73	1.028654	0.000000	0.000000
    80511	       74	0.192681	246.093307	22.322182
    80511	       75	3.468582	204.017154	11.183103
    80511	       76	1.254226	119.026931	22.234827
    80511	       77	28.853300	0.000000	0.000000
    80511	       78	2.225271	115.784183	73.905200
    80511	       79	0.848526	92.059880	11.045946
    80511	       80	0.117070	25.811278	26.873084
    80511	       81	0.500594	79.882950	12.224637
    80511	       82	2.418989	0.000000	0.000000
    80511	       83	0.994688	298.167069	28.380497
    80511	       84	0.233890	59.867578	32.852502
    80511	       85	0.163156	0.000000	0.000000
    80511	       86	3.146065	159.523369	25.258834
    80511	       87	1.174901	0.000000	0.000000
    80511	       88	0.000067	296.368580	60.104825
    80511	       89	0.678742	283.162781	48.806150
    80511	       90	1.975550	173.214555	57.351377
    80511	       91	0.148977	0.000000	0.000000
    80511	       92	0.593205	0.000000	0.000000
    80511	       93	0.324205	140.678966	45.158812
    80511	       94	0.206382	0.000000	0.000000
    80511	       95	1.587952	198.303197	69.017457
    80511	       96	39906065.232631	0.000000	0.000000
    80511	       97	39906065.232631	203.295960	7.187936
    80511	       98	0.110377	0.000000	0.000000
    80511	       99	0.110377	0.000000	0.000000
    80511	      100	0.178598	186.965499	66.287165
    80511	      101	0.521541	356.946423	18.110281
    80511	      102	0.278616	0.000000	0.000000
    80511	      103	1.495411	165.390646	15.444737
    80511	      104	0.148772	59.698716	29.406667
    80511	      105	1.912812	255.679726	41.786553
    80511	      106	6.694976	0.000000	0.000000
    80511	      107	0.926626	250.942165	74.540424
    80511	      108	0.375168	357.496123	49.336090
    80511	      109	0.873573	234.920920	45.520405
    80511	      110	1.607938	73.271180	60.752065
    80511	      111	0.247336	194.369843	26.077504
    80511	      112	0.975692	179.002241	42.005916
    80511	      113	49569707241000681419307126620160.000000	155.116967	80.510049
    80511	      114	1.793768	255.583642	17.205358
    80511	      115	0.432414	0.000000	0.000000
    80511	      116	1.584608	255.412454	24.811424
    80511	      117	2.346161	271.092460	9.340750
    80511	      118	3.250825	206.360404	15.500024
    80511	      119	0.000000	290.418860	77.278551
    80511	      120	0.511247	0.000000	0.000000
    80511	      121	0.581018	316.072769	39.805961
    80511	      122	2.954421	129.699614	62.357485
    80511	      123	0.187117	302.479054	47.830213
    80511	      124	2.560545	0.000000	0.000000
    80511	      125	1.647186	326.194375	37.993177
    80511	      126	0.134937	225.213672	28.330168
    80511	      127	1.873990	57.771137	37.598579
    80511	      128	1.611287	0.000000	0.000000
    80511	      129	0.092995	231.962914	61.514392
    80511	      130	1.024939	190.747323	44.021503
    80511	      131	0.899163	0.000000	0.000000
    80511	      132	0.314308	192.824317	26.406852
    80511	      133	0.126339	217.967265	2.869213
    80511	      134	1.792036	205.426639	66.654351
    80511	      135	0.100540	182.527068	25.254870
    80511	      136	2.067638	280.430022	24.005091
    80511	      137	2.633623	0.000000	0.000000
    80511	      138	0.472623	249.841528	49.508658
    80511	      139	0.081651	56.835025	60.116036
    80511	      140	3.187890	169.843737	12.634073
    80511	      141	3.071245	0.000000	0.000000
    80511	      142	1.692477	166.180552	24.306733
    80511	      143	0.128791	0.000000	0.000000
    80511	      144	0.691284	0.000000	0.000000
    80511	      145	0.898934	191.817741	67.983594
    80511	      146	17.689983	349.624542	40.674152
    80511	      147	2.789392	274.699578	32.175593
    80511	      148	1.639304	208.806674	6.098653
    80511	      149	1.019474	239.238468	39.765605
    80511	      150	1.125136	324.703106	40.260573
    80511	      151	0.314761	6.633831	32.259001
    80511	      152	36283254860.424301	0.000000	0.000000
    80511	      153	17.198255	193.300221	3.660885
    80511	      154	26.212929	0.000000	0.000000
    80511	      155	0.148980	0.000000	0.000000
    80511	      156	1.139756	0.000000	0.000000
    80511	      157	0.270642	0.000000	0.000000
    80511	      158	0.091661	0.000000	0.000000
    80511	      159	5.582524	144.558460	16.602170
    80511	      160	0.803212	116.892069	27.011049
    80511	      161	0.120633	0.000000	0.000000
    80511	      162	1.589869	248.061433	33.536423
    80511	      163	0.131156	0.000000	0.000000
    80511	      164	0.104357	0.000000	0.000000
    80511	      165	1.719706	132.095211	67.534644
    80511	      166	204229298.643918	0.000000	0.000000
    80511	      167	2.289234	87.134558	6.578140
    80511	      168	0.649631	10.374947	54.006754
    80511	      169	0.536450	0.000000	0.000000
    80511	      170	0.186190	0.000000	0.000000
    80511	      171	0.162186	0.000000	0.000000
    80511	      172	2.144131	140.553334	5.763805
    80511	      173	2.144131	0.000000	0.000000
    80511	      174	3.019298	333.099446	48.228710
    80511	      175	1.383012	4.644835	51.081294
    80511	      176	0.514854	60.317224	35.168801
    80511	      177	1.966545	0.000000	0.000000
    80511	      178	7.919889	0.000000	0.000000
    80511	      179	0.824967	40.726355	47.086183
    80511	      180	2.679198	152.131858	41.007258
    80511	      181	0.132688	0.000000	0.000000
    80511	      182	0.521300	193.538360	53.024207
    80511	      183	0.721689	60.057184	47.948290
    80511	      184	0.167583	0.000000	0.000000
    80511	      185	0.840301	179.579089	44.423003
    80511	      186	0.067217	89.430434	20.946527
    80511	      187	1.736317	61.694161	33.710136
    80511	      188	0.694249	53.247420	39.250177
    80511	      189	5.244705	21.136357	36.016360
    80511	      190	0.280037	0.000000	0.000000
    80511	      191	6.765946	75.547873	46.634850
    80511	      192	0.240554	94.663899	33.599202
    80511	      193	33844.668797	0.000000	0.000000
    80511	      194	0.212598	250.150457	56.646011
    80511	      195	0.726801	0.000000	0.000000
    80511	      196	0.726801	0.000000	0.000000
    80511	      197	1.496437	139.799614	41.926213
    80511	      198	26.829847	0.000000	0.000000
    80511	      199	0.694243	0.000000	0.000000
    80511	      200	1.487471	15.074711	66.261627
    80511	      201	0.459966	81.801973	25.690352
    80511	      202	0.822567	0.000000	0.000000
    80511	      203	0.597225	0.000000	0.000000
    80511	      204	1.312959	0.000000	0.000000
    80511	      205	0.114428	0.000000	0.000000
    80511	      206	1408076640682372.250000	0.000000	0.000000
    80511	      207	2.019953	47.184484	37.382043
    80511	      208	1.236400	13.637148	69.686382
    80511	      209	0.411644	314.997097	43.385520
    80511	      210	0.585186	264.319170	60.577540
    80511	      211	0.202602	42.302823	16.866829
    80511	      212	1.738243	0.000000	0.000000
    80511	      213	1.101152	221.802642	28.461976
    80511	      214	4.119035	0.000000	0.000000
    80511	      215	1.035522	215.374491	34.123543
    80511	      216	8.921056	40.508848	0.075446
    80511	      217	37.126223	0.000000	0.000000
    80511	      218	1.141034	0.000000	0.000000
    80511	      219	1.278441	295.665086	34.877144
    80511	      220	0.808771	194.078868	89.717107
    80511	      221	0.176831	0.000000	0.000000
    80511	      222	2.536893	260.079226	43.854153
    80511	      223	1.792830	243.390777	14.995702
    80511	      224	1.588924	221.363067	28.743538
    80511	      225	1.688296	0.000000	0.000000
    80511	      226	1.427775	53.062830	0.003124
    80511	      227	1.436481	0.000000	0.000000
    80511	      228	1.798949	0.000000	0.000000
    80511	      229	1.334861	37.722296	89.944317
    80511	      230	1.124343	292.415535	53.197657
    80511	      231	431.482331	0.000000	0.000000
    80511	      232	2.440666	205.741785	64.071038
    80511	      233	0.700915	87.983785	42.351786
    80511	      234	4.407965	145.008495	23.300215
    80511	      235	0.768491	245.766245	26.271659
    80511	      236	0.097707	0.000000	0.000000
    80511	      237	2.345680	322.203581	64.001644
    80511	      238	0.142810	0.000000	0.000000
    80511	      239	0.094482	0.000000	0.000000
    80511	      240	4.032766	0.000000	0.000000
    80511	      241	0.486574	334.737769	36.042471
    80511	      242	0.753267	304.833689	36.130308
    80511	      243	1.083327	117.604651	29.073218
    80511	      244	2.739774	247.012660	26.451116
    80511	      245	4.688020	36.087714	16.726587
    80511	      246	1.041488	267.825659	14.053312
    80511	      247	1.671839	283.974166	39.399454
    80511	      248	0.259713	262.316421	57.509257
    80511	      249	1.590216	40.006037	80.132550
    80511	      250	2450.258074	0.000000	0.000000
    80511	      251	1.273048	300.384304	3.631964
    80511	      252	0.658220	229.065840	19.061669
    80511	      253	0.093457	0.000000	0.000000
    80511	      254	0.510785	0.000000	0.000000
    80511	      255	0.097846	0.000000	0.000000
    80511	      256	1.960297	242.986449	63.789798
    80511	      257	0.639910	103.417798	17.826831
    80511	      258	1.520880	307.887652	20.265903
    80511	      259	1.295475	0.000000	0.000000
    80511	      260	114.940888	0.000000	0.000000
    80511	      261	0.462312	0.000000	0.000000
    80511	      262	0.090314	314.320432	14.929211
    80511	      263	0.286310	0.000000	0.000000
    80511	      264	0.319714	0.000000	0.000000
    80511	      265	0.000479	214.639948	58.930357
    80511	      266	16631.520025	0.000000	0.000000
    80511	      267	0.000000	307.367269	60.032540
    80511	      268	4.573615	340.632659	54.419612
    80511	      269	1.230069	0.000000	0.000000
    80511	      270	8.270945	0.000000	0.000000
    80511	      271	2.403844	223.100959	26.268105
    80511	      272	99402.321223	0.000000	0.000000
    80511	      273	2.196525	0.000000	0.000000
    80511	      274	1.581760	128.442095	59.393592
    80511	      275	0.587252	31.699979	53.765089
    80511	      276	0.646329	304.317797	38.873133
    80511	      277	1.024818	0.000000	0.000000
    80511	      278	0.120494	0.000000	0.000000
    80511	      279	266299694.823268	0.000000	0.000000
    80511	      280	2.862097	184.062996	77.349921
    80511	      281	1.156163	0.000000	0.000000
    80511	      282	inf	102.433856	89.839189
    80511	      283	2.225193	164.040106	38.276163
    80511	      284	0.181369	46.797068	28.361709
    80511	      285	0.093003	0.000000	0.000000
    80511	      286	0.093003	0.000000	0.000000
    80511	      287	2854969932.484135	358.700472	0.033722
    80511	      288	0.352479	272.683211	38.357218
    80511	      289	1.297509	231.789413	41.042976
    80511	      290	0.001664	336.857464	67.822528
    80511	      291	0.263663	0.000000	0.000000
    80511	      292	0.235062	0.000000	0.000000
    80511	      293	1.413003	0.926539	89.959520
    80511	      294	0.623525	2.618788	53.276077
    80511	      295	1.214590	335.177534	47.129294
    80511	      296	0.100891	0.000000	0.000000
    80511	      297	0.118135	0.000000	0.000000
    80511	      298	0.317942	0.000000	0.000000
    80511	      299	1.715631	0.000000	0.000000
    80511	      300	3909698520261940.000000	0.000000	0.000000
    80511	      301	0.644747	0.000000	0.000000
    80511	      302	0.159423	0.000000	0.000000
    80511	      303	0.053961	182.005346	56.245761
    80511	      304	9647.370933	0.000000	0.000000
    80511	      305	0.845176	132.457080	50.953870
    80511	      306	0.474252	279.009431	20.245915
    80511	      307	1.248278	50.551126	8.583728
    80511	      308	12997219.581208	0.000000	0.000000
    80511	      309	0.448596	0.000000	0.000000
    80511	      310	0.129195	0.000000	0.000000
    80511	      311	1.346257	79.704730	44.180721
    80511	      312	0.102005	0.000000	0.000000
    80511	      313	1.666091	270.884576	22.137745
    80511	      314	0.541399	219.844719	20.389022
    80511	      315	7.556481	142.123494	29.962367
    80511	      316	0.843715	0.000000	0.000000
    80511	      317	0.451052	110.752091	6.768182
    80511	      318	0.560619	0.000000	0.000000
    80511	      319	0.233338	0.000000	0.000000
    80511	      320	447493717802.932556	0.000000	0.000000
    80511	      321	1.375326	178.985174	65.043965
    80511	      322	0.090752	27.921590	31.691736
    80511	      323	1.453117	0.000000	0.000000
    80511	      324	1.357553	48.170206	45.495758
    80511	      325	4.508869	0.000000	0.000000
    80511	      326	2.172587	201.601667	67.391418
    80511	      327	0.687353	304.061979	60.192567
    80511	      328	0.000026	249.537061	54.863440
    80511	      329	2.222591	131.659210	9.408607
    80511	      330	0.699099	65.006118	33.619183
    80511	      331	3092.444999	0.000000	0.000000
    80511	      332	0.636351	37.802761	27.047160
    80511	      333	0.091201	0.000000	0.000000
    80511	      334	0.850883	118.144384	28.366297
    80511	      335	0.092497	0.000000	0.000000
    80511	      336	0.720766	347.856898	73.437346
    80511	      337	0.135068	167.133834	3.879699
    80511	      338	3.608625	60.480135	76.895744
    80511	      339	0.826862	0.000000	0.000000
    80511	      340	0.090464	0.000000	0.000000
    80511	      341	1.503096	98.901457	24.044381
    80511	      342	0.362760	84.494396	6.635340
    80511	      343	2.311281	232.657301	50.732715
    80511	      344	57803002547.762398	0.000000	0.000000
    80511	      345	1.264987	278.507439	29.180633
    80511	      346	0.216412	0.000000	0.000000
    80511	      347	0.347426	104.417125	45.866969
    80511	      348	0.093437	0.000000	0.000000
    80511	      349	3.404019	126.232989	27.138348
    80511	      350	0.816256	127.750142	7.926112
    80511	      351	1.334248	0.000000	0.000000
    80511	      352	0.306559	0.000000	0.000000
    80511	      353	0.306559	0.000000	0.000000
    80511	      354	0.562879	253.294917	18.064735
    80511	      355	0.171234	251.132583	58.108648
    80511	      356	0.103518	114.283249	47.891002
    80511	      357	0.090315	0.000000	0.000000
    80511	      358	1.658586	0.000000	0.000000
    80511	      359	3.149166	138.801353	61.144362
    80511	      360	1.935427	249.151982	64.100730
    80511	      361	0.810410	174.793175	40.418970
    80511	      362	1.679306	115.017000	89.142059
    80511	      363	0.105369	0.000000	0.000000
    80511	      364	0.485612	80.821776	74.068312
    80511	      365	0.098678	0.000000	0.000000
    80511	      366	1.676095	0.000000	0.000000
    80511	      367	0.431178	350.978381	44.871195
    80511	      368	1.845655	220.601238	61.709995
    80511	      369	1.828541	101.251478	24.855184
    80511	      370	0.098232	76.827704	54.965297
    80511	      371	0.282136	0.000000	0.000000
    80511	      372	0.456942	0.000000	0.000000
    80511	      373	1.378049	55.396535	73.911097
    80511	      374	0.603392	0.000000	0.000000
    80511	      375	0.369617	348.964097	1.258778
    80511	      376	0.896228	250.844089	66.434358
    80511	      377	25017.628413	103.640942	88.969272
    80511	      378	0.138474	0.000000	0.000000
    80511	      379	0.167858	0.000000	0.000000
    80511	      380	0.167858	0.000000	0.000000
    80511	      381	1.215244	281.878862	35.799690
    80511	      382	0.199049	0.000000	0.000000
    80511	      383	1.827105	42.325637	16.452026
    80511	      384	1.243447	134.363491	17.317401
    80511	      385	0.167142	15.131975	30.159827
    80511	      386	0.928815	306.619244	52.316882
    80511	      387	0.093445	0.000000	0.000000
    80511	      388	0.318153	153.504477	3.117429
    80511	      389	0.001780	72.490656	49.829655
    80511	      390	0.091348	94.193918	16.195956
    80511	      391	1.633117	176.882976	89.904238
    80511	      392	3661592797.271110	0.000000	0.000000
    80511	      393	1.960576	156.427748	68.398442
    80511	      394	1.943827	89.909608	36.525049
    80511	      395	0.092625	0.000000	0.000000
    80511	      396	13.907557	174.862940	63.615261
    80511	      397	18.569031	156.411062	56.600137
    80511	      398	0.302425	0.000000	0.000000
    80511	      399	1.356136	336.325576	45.267529
    80511	      400	5.275081	126.043645	66.063666
    80511	      401	2.151613	29.477651	23.815906
    80511	      402	0.118017	0.000000	0.000000
    80511	      403	1.604357	359.151463	56.700022
    80511	      404	3.509801	0.029983	5.197460
    80511	      405	0.332469	0.000000	0.000000
    80511	      406	0.164023	0.000000	0.000000
    80511	      407	0.164023	0.000000	0.000000
    80511	      408	1.941105	324.138140	76.732472
    80511	      409	1.348935	294.542320	43.793788
    80511	      410	1.781435	73.648555	39.950173
    80511	      411	6825.574312	0.000000	0.000000
    80511	      412	0.357844	0.000000	0.000000
    80511	      413	0.306743	0.000000	0.000000
    80511	      414	5.636352	12.520048	32.126760
    80511	      415	0.374742	0.000000	0.000000
    80511	      416	1.672127	300.877481	18.632157
    80511	      417	1.882652	0.000000	0.000000
    80511	      418	0.700560	73.473028	39.631055
    80511	      419	0.095138	0.000000	0.000000
    80511	      420	0.095138	0.000000	0.000000
    80511	      421	0.600420	188.410299	42.349228
    80511	      422	0.576375	354.102212	29.909055
    80511	      423	1.030573	110.120426	69.848857
    80511	      424	1.054190	105.138200	16.125445
    80511	      425	1.243321	0.000000	0.000000
    80511	      426	2.003405	2.016542	1.275430
    80511	      427	3.596246	144.950735	45.092867
    80511	      428	0.238445	359.040037	12.715594
    80511	      429	0.004066	284.581917	55.912645
    80511	      430	16045815301610.363281	0.000000	0.000000
    80511	      431	2.451112	93.922704	63.334832
    80511	      432	1.371850	309.527897	39.396784
    80511	      433	0.101369	0.000000	0.000000
    80511	      434	0.158287	348.981258	11.560870
    80511	      435	0.969375	0.000000	0.000000
    80511	      436	1.376435	0.000000	0.000000
    80511	      437	1.986760	0.000000	0.000000
    80511	      438	1.356656	0.000000	0.000000
    80511	      439	1.421309	0.000000	0.000000
    80511	      440	0.378869	0.000000	0.000000
    80511	      441	2.039532	133.816786	40.196760
    80511	      442	1.703846	0.000000	0.000000
    80511	      443	0.588965	57.647504	71.966355
    80511	      444	0.695582	220.824644	39.995961
    80511	      445	0.059787	303.495392	19.335930
    80511	      446	0.623488	0.000000	0.000000
    80511	      447	0.191272	0.000000	0.000000
    80511	      448	0.090314	0.000000	0.000000
    80511	      449	0.090314	0.000000	0.000000
    80511	      450	0.331990	146.647660	55.446325
    80511	      451	1.081705	30.698430	58.358502
    80511	      452	4.934022	0.000000	0.000000
    80511	      453	0.578231	0.000000	0.000000
    80511	      454	0.000365	119.817829	71.161162
    80511	      455	1.728710	111.372655	14.652099
    80511	      456	1.199040	0.000000	0.000000
    80511	      457	12692066642540096.000000	0.000000	0.000000
    80511	      458	1640.960006	0.000000	0.000000
    80511	      459	0.265757	0.000000	0.000000
    80511	      460	1.704856	135.106680	44.441851
    80511	      461	1.134775	24.446885	55.597372
    80511	      462	0.000552	196.555852	62.779952
    80511	      463	1.003825	283.443021	49.089505
    80511	      464	0.555336	349.495944	44.271355
    80511	      465	1.087051	336.413430	55.495717
    80511	      466	0.286357	0.000000	0.000000
    80511	      467	0.335686	0.000000	0.000000
    80511	      468	0.516033	0.000000	0.000000
    80511	      469	1.784550	232.110110	69.108051
    80511	      470	2.845928	0.000000	0.000000
    80511	      471	0.123230	0.000000	0.000000
    80511	      472	0.146074	208.260824	8.505844
    80511	      473	2.571340	84.119184	13.263548
    80511	      474	0.743974	0.000000	0.000000
    80511	      475	0.284362	83.388577	16.136317
    80511	      476	20585.913550	0.000000	0.000000
    80511	      477	0.426289	0.000000	0.000000
    80511	      478	0.546352	194.006371	26.899682
    80511	      479	0.228880	111.500001	58.794908
    80511	      480	0.172827	0.000000	0.000000
    80511	      481	0.172827	0.000000	0.000000
    80511	      482	2.437401	0.000000	0.000000
    80511	      483	0.133053	0.000000	0.000000
    80511	      484	701610.888341	0.000000	0.000000
    80511	      485	0.321204	0.000000	0.000000
    80511	      486	0.098539	0.000000	0.000000
    80511	      487	inf	121.011562	84.220930
    80511	      488	0.103179	0.000000	0.000000
    80511	      489	0.014418	55.458585	70.119899
    80511	      490	1.314709	12.810754	16.317408
    80511	      491	0.677634	120.286355	50.426446
    80511	      492	31.295981	0.000000	0.000000
    80511	      493	2.463368	0.000000	0.000000
    80511	      494	1.674881	89.764224	58.570279
    80511	      495	2.512558	217.739147	9.139548
    80511	      496	2.286335	0.000000	0.000000
    80511	      497	0.196047	0.000000	0.000000
    80511	      498	4.678894	273.007690	62.287499
    80511	      499	0.231275	189.696392	35.625795
    80511	      500	0.639354	332.046878	23.825907
    80511	      501	0.124451	0.000000	0.000000
    80511	      502	2.434460	0.000000	0.000000
    80511	      503	0.609290	0.405712	32.409062
    80511	      504	0.875998	309.894835	38.568518
    80511	      505	0.226002	223.701085	15.370402
    80511	      506	1.793395	268.085685	12.091871
    80511	      507	0.563983	0.000000	0.000000
    80511	      508	0.430687	0.000000	0.000000
    80511	      509	0.191271	0.000000	0.000000
    80511	      510	0.594402	0.000000	0.000000
    80511	      511	0.109624	0.000000	0.000000
    80511	      512	1.842654	175.392217	67.054583
    80511	      513	1.911104	298.692241	23.681346
    80511	      514	5.685088	136.644706	51.133297
    80511	      515	0.440436	145.129762	47.801933
    80511	      516	0.875067	1.050823	13.501970
    80511	      517	0.305270	268.728038	66.348938
    80511	      518	1.949818	0.000000	0.000000
    80511	      519	0.985895	296.815831	50.095713
    80511	      520	0.247684	284.131191	67.300453
    80511	      521	0.258371	324.691419	8.037537
    80511	      522	0.151971	0.000000	0.000000
    80511	      523	0.745949	233.185988	68.922129
    80511	      524	0.340590	234.846410	28.912451
    80511	      525	0.563535	0.000000	0.000000
    80511	      526	0.143526	0.000000	0.000000
    80511	      527	2.274988	0.000000	0.000000
    80511	      528	1.149750	142.336333	73.195442
    80511	      529	1.873862	230.778989	52.896562
    80511	      530	0.404368	0.000000	0.000000
    80511	      531	782982.499979	0.000000	0.000000
    80511	      532	204476447269420282176698391949910737308731834232292735829078099876874355810300639939174482719381604047700462425888492011907405834266061264877038637925309070727752642967566615473331547379117252261674956946931712.000000	167.239425	89.472001
    80511	      533	0.793810	134.583054	40.099210
    80511	      534	2069.394780	0.000000	0.000000
    80511	      535	2.355921	226.203214	39.627984
    80511	      536	2.104640	87.804685	33.403497
    80511	      537	1.880338	0.000000	0.000000
    80511	      538	2.899355	224.575142	7.274476
    80511	      539	1.317208	0.000000	0.000000
    80511	      540	0.583300	0.000000	0.000000
    80511	      541	1.510096	0.000000	0.000000
    80511	      542	0.468822	255.873620	38.994806
    80511	      543	2.375565	304.848081	29.742568
    80511	      544	0.322654	7.599227	28.549102
    80511	      545	28.242590	340.040920	23.779691
    80511	      546	0.843360	0.000000	0.000000
    80511	      547	0.758039	0.000000	0.000000
    80511	      548	0.151171	0.000000	0.000000
    80511	      549	281.400026	0.000000	0.000000
    80511	      550	1.274571	67.835567	48.167695
    80511	      551	0.314256	237.604557	32.945417
    80511	      552	1006442696.688804	180.669679	47.665034
    80511	      553	1.285216	328.697151	24.813216
    80511	      554	2.088908	319.019382	12.646559
    80511	      555	7.797420	197.242329	69.691710
    80511	      556	0.706543	248.263647	12.039069
    80511	      557	1.124313	271.538513	42.147682
    80511	      558	1.024101	93.352027	48.509894
    80511	      559	1.360198	124.053803	42.301137
    80511	      560	0.469739	298.125169	40.381507
    80511	      561	2.718296	242.191169	32.974776
    80511	      562	2.178866	30.955421	69.649895
    80511	      563	1.592082	0.000000	0.000000
    80511	      564	0.397245	147.761656	47.909407
    80511	      565	0.287833	0.000000	0.000000
    80511	      566	0.214502	0.000000	0.000000
    80511	      567	1.886130	58.980897	39.431220
    80511	      568	0.484356	266.332600	41.664430
    80511	      569	0.341053	131.355696	33.938457
    80511	      570	0.102487	1.130998	0.000950
    80511	      571	0.639345	51.398643	30.887668
    80511	      572	0.956465	38.547883	38.158553
    80511	      573	1.131150	0.000000	0.000000
    80511	      574	43379725.615730	0.000000	0.000000
    80511	      575	1.007700	43.095937	46.637652
    80511	      576	0.929518	277.940092	41.833661
    80511	      577	1.522361	287.014518	20.204045
    80511	      578	4.776697	298.334455	34.746658
    80511	      579	8.535581	130.956709	62.335559
    80511	      580	0.726011	0.000000	0.000000
    80511	      581	0.289921	186.529412	27.193327
    80511	      582	2.420048	136.978376	46.011441
    80511	      583	1.628381	219.565953	50.254126
    80511	      584	0.963810	0.000000	0.000000
    80511	      585	0.118787	0.000000	0.000000
    80511	      586	0.150582	0.000000	0.000000
    80511	      587	12.454179	5.196734	20.945887
    80511	      588	1.876703	289.778545	26.031449
    80511	      589	1.873344	166.489624	17.404339
    80511	      590	0.939059	0.000000	0.000000
    80511	      591	2.817800	0.000000	0.000000
    80511	      592	2.817800	0.000000	0.000000
    80511	      593	0.165674	0.000000	0.000000
    80511	      594	0.156475	125.588554	80.049298
    80511	      595	0.890694	68.556303	37.351561
    80511	      596	1.978924	225.219667	37.747628
    80511	      597	2.508341	1.823938	7.622459
    80511	      598	0.808873	133.702787	32.241036
    80511	      599	0.824700	318.018973	36.888410
    80511	      600	0.620083	0.000000	0.000000
    80511	      601	1.588740	254.702996	8.391755
    80511	      602	0.230358	0.000000	0.000000
    80511	      603	7.439996	26.255855	73.806210
    80511	      604	0.354616	0.000000	0.000000
    80511	      605	1.161223	343.679759	26.714194
    80511	      606	25.432001	91.096588	10.716409
    80511	      607	0.647271	52.867926	17.858104
    80511	      608	1.074768	154.520820	20.932045
    80511	      609	1.398536	71.039233	44.771257
    80511	      610	0.444856	0.000000	0.000000
    80511	      611	0.503654	0.000000	0.000000
    80511	      612	0.091148	0.000000	0.000000
    80511	      613	0.091148	0.000000	0.000000
    80511	      614	1.573344	58.617104	40.214316
    80511	      615	1.435734	293.061683	7.705496
    80511	      616	0.507469	43.456036	33.932313
    80511	      617	0.110860	0.000000	0.000000
    80511	      618	0.806939	0.000000	0.000000
    80511	      619	1.133429	169.377251	33.525226
    80511	      620	0.572225	324.186148	24.309981
    80511	      621	1.737760	0.000000	0.000000
    80511	      622	2.185447	182.477005	33.808895
    80511	      623	1.806726	0.000000	0.000000
    80511	      624	1.915561	239.921463	40.240192
    80511	      625	2.657176	88.206965	15.428290
    80511	      626	3.906011	95.311227	18.205278
    80511	      627	0.000000	338.970202	61.509171
    80511	      628	inf	98.202248	1.607297
    80511	      629	27046.376547	0.000000	0.000000
    80511	      630	1281339.550860	0.000000	0.000000
    80511	      631	0.784853	10.209301	89.960090
    80511	      632	0.162881	52.583518	31.535839
    80511	      633	0.644722	0.000000	0.000000
    80511	      634	0.942242	334.157116	51.005210
    80511	      635	1.383012	0.000000	0.000000
    80511	      636	1.184686	0.000000	0.000000
    80511	      637	0.427803	63.825680	44.347446
    80511	      638	17.899377	4.131827	78.752626
    80511	      639	0.151293	296.073222	23.720846
    80511	      640	30748512691335291500469600658302405967872.000000	274.110620	88.499788
    80511	      641	0.223126	0.000000	0.000000
    80511	      642	0.590231	242.691402	16.445534
    80511	      643	0.106654	0.000000	0.000000
    80511	      644	0.860657	0.000000	0.000000
    80511	      645	2.320454	146.856364	79.388906
    80511	      646	0.245593	0.000000	0.000000
    80511	      647	0.123469	141.595941	7.311040
    80511	      648	1.396580	272.055200	22.259168
    80511	      649	2.994145	151.237071	64.349179
    80511	      650	2.232560	0.000000	0.000000
    80511	      651	0.353698	0.000000	0.000000
    80511	      652	0.271115	0.000000	0.000000
    80511	      653	1.087515	23.223845	64.523203
    80511	      654	4.104634	297.512775	29.742697
    80511	      655	0.944606	346.571565	22.816215
    80511	      656	1.073926	154.846867	48.205556
    80511	      657	1.341124	304.178042	32.102848
    80511	      658	0.351243	258.144421	36.090788
    80511	      659	1.109475	353.405121	37.130870
    80511	      660	13968579437.860222	0.000000	0.000000
    80511	      661	2.046051	116.858291	35.949186
    80511	      662	1.874300	135.540517	39.382076
    80511	      663	0.007343	300.639017	57.920507
    80511	      664	0.656651	0.000000	0.000000
    80511	      665	0.106133	305.423981	36.056467
    80511	      666	1.387371	358.143059	48.488229
    80511	      667	2.041398	245.154568	19.614235
    80511	      668	0.706027	0.000000	0.000000
    80511	      669	0.002043	211.667613	66.374443
    80511	      670	1.832434	0.000000	0.000000
    80511	      671	3.472116	0.000000	0.000000
    80511	      672	1.029945	263.967051	26.122966
    80511	      673	60.217332	267.496501	57.322068
    80511	      674	0.966040	273.081963	41.379113
    80511	      675	0.910524	233.807196	43.377809
    80511	      676	2.064248	45.878827	40.518823
    80511	      677	1.391922	89.696941	34.865718
    80511	      678	0.116429	0.000000	0.000000
    80511	      679	0.269702	0.000000	0.000000
file 'tasdcalibev_pass2_080511.rufldf.dst.gz' contains 680 events
    80512	        0	0.314833	140.847982	38.401949
    80512	        1	1.660829	22.365242	37.828484
    80512	        2	0.323715	0.000000	0.000000
    80512	        3	1.104722	228.376614	36.285109
    80512	        4	0.210912	21.939252	50.561083
    80512	        5	1.814203	37.385076	70.361614
    80512	        6	1.691408	77.582909	16.671201
    80512	        7	1.060599	57.519919	17.247655
    80512	        8	1.127897	332.535206	21.187720
    80512	        9	0.349997	0.000000	0.000000
    80512	       10	3.909154	333.266930	26.593911
    80512	       11	0.372266	0.000000	0.000000
    80512	       12	0.969091	55.625722	34.172181
    80512	       13	0.122734	0.000000	0.000000
    80512	       14	3.895690	0.000000	0.000000
    80512	       15	1.177612	257.726381	48.311933
    80512	       16	0.524461	78.474935	41.822269
    80512	       17	4.337933	43.987617	42.886472
    80512	       18	0.572490	0.000000	0.000000
    80512	       19	1.978064	238.851798	38.133573
    80512	       20	3.143129	297.315279	39.685435
    80512	       21	0.000000	147.376022	63.772605
    80512	       22	0.000027	311.328783	61.665895
    80512	       23	1.979401	161.801751	70.572701
    80512	       24	0.000000	327.830346	61.802905
    80512	       25	1.115849	23.760028	40.980271
    80512	       26	2.089579	244.169269	47.679331
    80512	       27	3.325539	30.417225	29.535149
    80512	       28	1.568439	259.725652	40.291840
    80512	       29	4.841728	81.144458	26.577334
    80512	       30	1.339434	30.093039	46.496914
    80512	       31	0.368177	0.000000	0.000000
    80512	       32	0.762393	0.000000	0.000000
    80512	       33	0.095950	0.000000	0.000000
    80512	       34	0.496828	0.000000	0.000000
    80512	       35	0.541708	0.000000	0.000000
    80512	       36	1.126976	314.931109	45.428336
    80512	       37	1.575544	0.000000	0.000000
    80512	       38	0.229407	125.955423	29.046591
    80512	       39	1.791722	0.000000	0.000000
    80512	       40	0.804273	46.411945	51.481017
    80512	       41	1.337754	0.000000	0.000000
    80512	       42	2.261640	123.115529	51.302542
    80512	       43	1.431727	315.466039	38.801354
    80512	       44	5.656858	112.699783	56.535691
    80512	       45	1.462738	231.107096	45.397798
    80512	       46	1.669721	343.960399	37.351265
    80512	       47	0.203129	0.000000	0.000000
    80512	       48	1.211568	135.480651	22.007646
    80512	       49	1.988709	286.367125	56.308193
    80512	       50	0.110696	358.954683	37.391343
    80512	       51	0.087636	92.895121	28.084431
    80512	       52	0.315654	151.504720	46.884248
    80512	       53	1.854712	70.279442	25.514276
    80512	       54	1.388466	250.540279	28.881903
    80512	       55	0.813079	252.045567	36.168346
    80512	       56	0.418431	0.000000	0.000000
    80512	       57	0.737147	0.000000	0.000000
    80512	       58	0.737147	338.373326	18.396737
    80512	       59	1.244715	247.181790	39.871233
    80512	       60	1.937633	88.120075	68.158128
    80512	       61	1.313697	0.000000	0.000000
    80512	       62	0.514873	77.051576	57.887540
    80512	       63	0.517934	0.000000	0.000000
    80512	       64	1.130432	312.045953	53.897645
    80512	       65	0.000000	326.431034	57.515620
    80512	       66	19.928330	283.850236	77.078884
    80512	       67	1.501085	0.000000	0.000000
    80512	       68	1.452261	75.695063	39.087212
    80512	       69	1.408239	0.000000	0.000000
    80512	       70	1.067545	160.598090	24.073196
    80512	       71	5.887872	198.841235	29.992174
    80512	       72	0.160245	115.657084	21.360401
    80512	       73	1.911074	170.790567	38.174535
    80512	       74	1.912344	0.000000	0.000000
    80512	       75	1.507910	194.033852	23.041226
    80512	       76	8.593133	265.521556	31.418675
    80512	       77	1.335605	62.706908	41.111586
    80512	       78	0.631349	102.335102	27.096111
    80512	       79	3.107469	163.499705	50.040103
    80512	       80	0.820281	116.413256	18.224474
    80512	       81	1.428310	52.117433	41.336547
    80512	       82	1.937759	173.188667	30.503082
    80512	       83	0.376423	292.994898	11.883380
    80512	       84	0.315657	215.400935	40.065531
    80512	       85	1.101881	0.000000	0.000000
    80512	       86	0.138778	0.000000	0.000000
    80512	       87	1.420701	0.000000	0.000000
    80512	       88	0.241096	0.000000	0.000000
    80512	       89	1.745779	195.644027	35.028470
    80512	       90	1.214379	0.000000	0.000000
    80512	       91	0.000033	300.728084	58.986162
    80512	       92	0.582436	0.000000	0.000000
    80512	       93	0.155017	0.000000	0.000000
    80512	       94	2.135996	281.139541	19.921397
    80512	       95	1.615490	82.236336	22.757112
    80512	       96	1.016139	44.839627	41.223086
    80512	       97	0.112781	316.400803	70.198918
    80512	       98	0.952570	0.000000	0.000000
    80512	       99	inf	208.197707	89.875528
    80512	      100	1.015707	243.403488	32.779709
    80512	      101	2.533568	209.967199	75.161707
    80512	      102	13.825980	0.000000	0.000000
    80512	      103	0.750119	277.423090	40.261067
    80512	      104	0.368020	250.330759	30.826754
    80512	      105	17.240625	56.992053	12.635031
    80512	      106	0.136281	135.912081	3.588633
    80512	      107	0.090549	0.000000	0.000000
    80512	      108	1.635944	0.000000	0.000000
    80512	      109	1.985859	162.772626	68.836009
    80512	      110	0.807375	0.000000	0.000000
    80512	      111	0.456607	0.000000	0.000000
    80512	      112	1.397572	0.000000	0.000000
    80512	      113	0.095774	0.000000	0.000000
    80512	      114	30102526089.819756	358.365292	80.893421
    80512	      115	1.439016	36.870188	39.844595
    80512	      116	1.784054	112.391696	23.030386
    80512	      117	0.222574	0.000000	0.000000
    80512	      118	2.186540	0.000000	0.000000
    80512	      119	0.356795	0.000000	0.000000
    80512	      120	0.582973	0.000000	0.000000
    80512	      121	0.966206	320.512953	60.451867
    80512	      122	0.999824	76.654461	45.618709
    80512	      123	8977823.375767	0.000000	0.000000
    80512	      124	0.000029	262.387603	48.182058
    80512	      125	0.000000	108.375632	74.375704
    80512	      126	0.399757	201.199593	31.942440
    80512	      127	1030173.544337	0.000000	0.000000
    80512	      128	0.569971	0.000000	0.000000
    80512	      129	0.090351	0.000000	0.000000
    80512	      130	1.116690	126.505773	45.502479
    80512	      131	2.772036	0.000000	0.000000
    80512	      132	1.417610	107.167138	34.873126
    80512	      133	1.303847	0.000000	0.000000
    80512	      134	1.572292	130.355312	45.538222
    80512	      135	0.963799	239.015723	64.964561
    80512	      136	0.861307	313.769835	2.748465
    80512	      137	1.892036	151.850096	48.996979
    80512	      138	0.084995	312.739449	26.619819
    80512	      139	1.848300	0.000000	0.000000
    80512	      140	3.179709	0.000000	0.000000
    80512	      141	1.604011	308.471810	23.554066
    80512	      142	0.999255	149.470342	25.737768
    80512	      143	0.943547	164.138050	9.781963
    80512	      144	1.311114	0.000000	0.000000
    80512	      145	0.328345	105.633816	47.985116
    80512	      146	1.426611	105.384188	54.337680
    80512	      147	0.131309	0.000000	0.000000
    80512	      148	1.663069	336.718362	40.610446
    80512	      149	1.692422	0.000000	0.000000
    80512	      150	0.149207	0.000000	0.000000
    80512	      151	0.277434	0.000000	0.000000
    80512	      152	0.606328	0.000000	0.000000
    80512	      153	0.511907	256.378717	17.053577
    80512	      154	0.162520	0.000000	0.000000
    80512	      155	0.293247	0.000000	0.000000
    80512	      156	1.443638	184.334885	29.506008
    80512	      157	2.167968	336.437262	33.172451
    80512	      158	0.090592	0.000000	0.000000
    80512	      159	0.166801	284.627762	31.030857
    80512	      160	1.852984	137.821344	16.517112
    80512	      161	6.650107	271.090865	54.313371
    80512	      162	2.319996	263.050309	36.360819
    80512	      163	1.457159	255.652188	35.478972
    80512	      164	3.590353	309.825919	38.584046
    80512	      165	0.850840	0.000000	0.000000
    80512	      166	0.582512	125.624819	36.699178
    80512	      167	12.957604	211.776389	25.058894
    80512	      168	0.116437	0.000000	0.000000
    80512	      169	38490195413608834834171292735479192620933495974129962873859630856895127174727029577055903413572901918582780912973783556638228339834941080099925941596413264994869250890703577429716076558631661348842517280286510793111405918025906884053319333310821028960040613032149123072.000000	23.889126	48.969980
    80512	      170	0.090428	0.000000	0.000000
    80512	      171	2.991409	358.370037	7.887699
    80512	      172	0.100512	0.000000	0.000000
    80512	      173	1.571464	147.918550	38.004582
    80512	      174	0.172235	0.000000	0.000000
    80512	      175	505.782828	0.000000	0.000000
    80512	      176	2.672314	86.622741	12.657765
    80512	      177	0.470392	0.000000	0.000000
    80512	      178	0.404131	0.000000	0.000000
    80512	      179	1.216302	176.786976	46.897316
    80512	      180	0.831251	0.000000	0.000000
    80512	      181	0.168345	0.000000	0.000000
    80512	      182	15.054277	0.000000	0.000000
    80512	      183	1.349984	17.908572	23.657263
    80512	      184	1.999291	0.000000	0.000000
    80512	      185	0.240895	285.344698	37.566402
    80512	      186	1.215245	0.000000	0.000000
    80512	      187	3.551742	210.345815	45.737789
    80512	      188	2.017794	139.990787	32.094288
    80512	      189	0.616995	274.738830	39.527430
    80512	      190	0.400267	0.000000	0.000000
    80512	      191	0.601315	0.000000	0.000000
    80512	      192	1.598304	269.793310	36.023997
    80512	      193	2.324586	268.407215	63.739854
    80512	      194	0.140102	1.613709	26.750801
    80512	      195	1.599057	138.158826	37.479688
    80512	      196	0.939835	0.000000	0.000000
    80512	      197	1.467331	255.938977	34.042413
    80512	      198	0.306204	65.348399	37.742725
    80512	      199	0.606209	337.561938	51.218386
    80512	      200	0.130544	87.942835	72.451756
    80512	      201	0.900588	0.000000	0.000000
    80512	      202	0.900588	0.000000	0.000000
    80512	      203	1.553295	0.000000	0.000000
    80512	      204	0.093468	0.000000	0.000000
    80512	      205	2.029985	0.000000	0.000000
    80512	      206	0.501531	85.446348	26.628379
    80512	      207	2.242108	356.426270	30.992439
    80512	      208	105776833677.527679	0.000000	0.000000
    80512	      209	0.154536	0.000000	0.000000
    80512	      210	0.430681	338.373473	41.333366
    80512	      211	0.192089	0.000000	0.000000
    80512	      212	0.359313	0.000000	0.000000
    80512	      213	0.337485	0.000000	0.000000
    80512	      214	0.440589	104.199186	30.818308
    80512	      215	0.323624	150.176849	42.231736
    80512	      216	8.938785	94.673463	22.736933
    80512	      217	0.134931	0.000000	0.000000
    80512	      218	1.466522	199.561558	51.042271
    80512	      219	0.886462	359.160993	0.001102
    80512	      220	0.153516	0.000000	0.000000
    80512	      221	0.873476	0.000000	0.000000
    80512	      222	0.637731	0.000000	0.000000
    80512	      223	0.881821	2.211305	9.117607
    80512	      224	0.511266	0.106457	15.290751
    80512	      225	22480.828208	0.000000	0.000000
    80512	      226	0.093085	0.000000	0.000000
    80512	      227	11.154757	326.727235	89.926133
    80512	      228	0.097536	0.000000	0.000000
    80512	      229	6.943728	251.171057	11.935403
    80512	      230	1.405489	296.543246	52.443622
    80512	      231	1.226082	0.000000	0.000000
    80512	      232	4.427445	54.608122	28.193730
    80512	      233	0.000000	10.523666	59.862753
    80512	      234	0.162754	98.205144	56.126992
    80512	      235	0.548797	0.000000	0.000000
    80512	      236	0.108552	341.737399	56.323754
    80512	      237	2.239880	0.000000	0.000000
    80512	      238	0.792285	0.000000	0.000000
    80512	      239	0.090840	0.368998	4.427843
    80512	      240	6733.564055	0.000000	0.000000
    80512	      241	1.867133	0.000000	0.000000
    80512	      242	527.160488	0.000000	0.000000
    80512	      243	0.428627	0.000000	0.000000
    80512	      244	0.805086	0.000000	0.000000
    80512	      245	0.282821	0.000000	0.000000
    80512	      246	2.300591	178.078903	27.259721
    80512	      247	9.754167	178.008367	66.254246
    80512	      248	87.940191	0.000000	0.000000
    80512	      249	0.249604	0.000000	0.000000
    80512	      250	2505304.191556	0.000000	0.000000
    80512	      251	3.496042	13.117648	30.098381
    80512	      252	2.686249	356.114499	35.639959
    80512	      253	0.297898	0.000000	0.000000
    80512	      254	0.242457	176.529006	7.390622
    80512	      255	0.233927	171.350627	67.643202
    80512	      256	3.431525	261.177195	9.213063
    80512	      257	0.668324	133.345641	32.513117
    80512	      258	0.263608	326.113353	24.088326
    80512	      259	1.891613	0.000000	0.000000
    80512	      260	0.094015	0.000000	0.000000
    80512	      261	0.144118	0.000000	0.000000
    80512	      262	0.006365	136.267451	23.401041
    80512	      263	0.225626	270.178473	31.288080
    80512	      264	0.699071	243.558734	0.078700
    80512	      265	1.558986	220.616310	41.855470
    80512	      266	0.509220	343.748548	36.346572
    80512	      267	0.970380	299.585404	39.846339
    80512	      268	161.148139	0.000000	0.000000
    80512	      269	1.128711	71.020377	39.954732
    80512	      270	0.175232	0.000000	0.000000
    80512	      271	2.419074	269.378689	8.293197
    80512	      272	0.387509	0.000000	0.000000
    80512	      273	0.387106	251.080934	31.567902
    80512	      274	0.365355	118.140293	8.008815
    80512	      275	0.634316	0.000000	0.000000
    80512	      276	2.273354	19.976799	18.601812
    80512	      277	nan	288.252156	86.694277
    80512	      278	0.142137	0.000000	0.000000
    80512	      279	0.652623	0.000000	0.000000
    80512	      280	1.970426	270.844896	2.149173
    80512	      281	1.995327	0.000000	0.000000
    80512	      282	1.995327	0.000000	0.000000
    80512	      283	0.886297	32.267429	29.499631
    80512	      284	0.222417	7.727475	60.835272
    80512	      285	1.426394	34.941321	48.656574
    80512	      286	4.088534	44.886624	26.453754
    80512	      287	0.457568	0.000000	0.000000
    80512	      288	0.210974	0.000000	0.000000
    80512	      289	0.109113	0.000000	0.000000
    80512	      290	0.307889	359.112892	33.223208
    80512	      291	0.376496	53.460982	41.137130
    80512	      292	2.242525	169.444245	49.764359
    80512	      293	0.810804	189.607905	65.516202
    80512	      294	0.102520	0.000000	0.000000
    80512	      295	1.445677	248.970362	35.260660
    80512	      296	0.491378	0.000000	0.000000
    80512	      297	0.819495	0.000000	0.000000
    80512	      298	1.104027	109.885659	15.532735
    80512	      299	1.104027	0.000000	0.000000
    80512	      300	1.317668	122.370750	37.357355
    80512	      301	0.533824	98.127931	17.504604
    80512	      302	0.545368	0.000000	0.000000
    80512	      303	1.452926	182.337647	39.866105
    80512	      304	1.196095	106.098748	42.891636
    80512	      305	0.394601	13.889187	52.534757
    80512	      306	0.125270	20.841626	55.825545
    80512	      307	2.003176	0.000000	0.000000
    80512	      308	1.696835	276.794416	73.115470
    80512	      309	0.130821	55.400082	52.308303
    80512	      310	0.266447	0.000000	0.000000
    80512	      311	3.345186	260.896792	42.385901
    80512	      312	0.144284	0.000000	0.000000
    80512	      313	1.020766	0.000000	0.000000
    80512	      314	19.222775	0.000000	0.000000
    80512	      315	102.571361	229.422433	79.902833
    80512	      316	0.709597	325.940568	34.765657
    80512	      317	1.575989	220.041233	40.238649
    80512	      318	0.092163	0.000000	0.000000
    80512	      319	231.552725	0.000000	0.000000
    80512	      320	87548136927307.875000	0.000000	0.000000
    80512	      321	1.411952	0.000000	0.000000
    80512	      322	1.286520	351.878578	52.949370
    80512	      323	1.387342	0.000000	0.000000
    80512	      324	2.205147	0.000000	0.000000
    80512	      325	1.662134	0.000000	0.000000
    80512	      326	0.134512	0.000000	0.000000
    80512	      327	0.105383	0.000000	0.000000
    80512	      328	0.181563	278.619789	51.868732
    80512	      329	0.346907	0.000000	0.000000
    80512	      330	0.096382	0.000000	0.000000
    80512	      331	0.767457	0.000000	0.000000
    80512	      332	0.092560	0.715714	4.773831
    80512	      333	4.583814	260.953936	39.868241
    80512	      334	1.821461	176.205163	16.076872
    80512	      335	1.812923	225.371494	42.810600
    80512	      336	2.135300	340.246624	27.429255
    80512	      337	2.314697	328.987374	74.353855
    80512	      338	1.436624	230.775707	29.768858
    80512	      339	0.533951	170.332223	64.968869
    80512	      340	1.319500	0.000000	0.000000
    80512	      341	0.829594	0.000000	0.000000
    80512	      342	0.441498	2.662278	20.361825
    80512	      343	1.297448	0.000000	0.000000
    80512	      344	2.326938	0.000000	0.000000
    80512	      345	0.004394	34.530644	74.987320
    80512	      346	2.149449	0.000000	0.000000
    80512	      347	8179.014982	0.000000	0.000000
    80512	      348	0.246302	341.487834	25.890768
    80512	      349	1.434700	206.438492	68.717544
    80512	      350	1.497123	0.000000	0.000000
    80512	      351	0.000000	312.437229	51.075023
    80512	      352	39079155038544150010718759004364005388076559005787293231936962560.000000	0.000000	0.000000
    80512	      353	0.206991	152.050499	48.396433
    80512	      354	0.147914	0.000000	0.000000
    80512	      355	53.126958	0.000000	0.000000
    80512	      356	0.375404	0.000000	0.000000
    80512	      357	0.090742	0.000000	0.000000
    80512	      358	1.362868	0.000000	0.000000
    80512	      359	2.062049	252.101770	34.474678
    80512	      360	32.475187	0.000000	0.000000
    80512	      361	1.283337	252.355604	41.649572
    80512	      362	1.399045	0.000000	0.000000
    80512	      363	0.415379	279.437184	41.027247
    80512	      364	1.020826	90.494398	47.271516
    80512	      365	2.398752	42.147719	52.205143
    80512	      366	0.252297	260.583208	22.479949
    80512	      367	0.891719	207.231924	52.444851
    80512	      368	0.790112	0.000000	0.000000
    80512	      369	0.096901	1.516142	10.191359
    80512	      370	0.096901	0.000000	0.000000
    80512	      371	0.423263	358.676962	20.835278
    80512	      372	7.284866	0.000000	0.000000
    80512	      373	0.389521	0.000000	0.000000
    80512	      374	3.179809	0.000000	0.000000
    80512	      375	3.179809	166.414550	84.242090
    80512	      376	0.380464	0.000000	0.000000
    80512	      377	2.386519	0.000000	0.000000
    80512	      378	0.712002	195.941691	67.771974
    80512	      379	0.433108	244.235738	26.228632
    80512	      380	0.654561	0.000000	0.000000
    80512	      381	1.388557	57.124790	26.230454
    80512	      382	0.296276	0.000000	0.000000
    80512	      383	1.361778	0.000000	0.000000
    80512	      384	1.460268	268.410185	42.784099
    80512	      385	0.807491	0.000000	0.000000
    80512	      386	0.062922	115.451543	28.087053
    80512	      387	0.239647	0.000000	0.000000
    80512	      388	2.573651	193.798149	6.529802
    80512	      389	1.998312	255.353114	21.010042
    80512	      390	0.297501	94.330435	47.937010
    80512	      391	0.139135	0.000000	0.000000
    80512	      392	7395745927.363008	0.000000	0.000000
    80512	      393	1998808986872.575928	308.202175	86.781634
    80512	      394	1.349908	0.000000	0.000000
    80512	      395	0.123221	35.579129	59.731342
    80512	      396	0.401271	71.302288	24.703608
    80512	      397	0.211374	0.000000	0.000000
    80512	      398	1.290971	143.715055	52.300734
    80512	      399	0.508970	0.000000	0.000000
    80512	      400	1.401498	259.306994	50.772825
    80512	      401	1.450180	325.351703	27.829040
    80512	      402	1.337245	122.520448	46.138336
    80512	      403	2.997357	47.371300	64.183725
    80512	      404	3.168791	198.692382	50.529359
    80512	      405	1954.707881	0.000000	0.000000
    80512	      406	2.031044	325.612350	73.825011
    80512	      407	0.090335	0.000000	0.000000
    80512	      408	0.254148	259.945537	33.421533
    80512	      409	0.127364	0.000000	0.000000
    80512	      410	18224139542966.937500	0.000000	0.000000
    80512	      411	0.459877	163.033293	6.863883
    80512	      412	3.102895	229.260729	38.101972
    80512	      413	1.011538	215.908018	64.108957
    80512	      414	0.808396	0.000000	0.000000
    80512	      415	0.213338	153.029084	57.590761
    80512	      416	0.120998	0.000000	0.000000
    80512	      417	0.290388	0.000000	0.000000
    80512	      418	0.097905	0.000000	0.000000
    80512	      419	0.487992	0.000000	0.000000
    80512	      420	0.093241	0.000000	0.000000
    80512	      421	0.696473	0.000000	0.000000
    80512	      422	1.337408	0.000000	0.000000
    80512	      423	0.198860	0.000000	0.000000
    80512	      424	1.802500	358.763935	30.805885
    80512	      425	1.715142	6.785537	20.419432
    80512	      426	13406.474965	67.715198	57.874356
    80512	      427	0.816547	0.000000	0.000000
    80512	      428	1.833432	214.495890	26.517603
    80512	      429	0.563338	0.000000	0.000000
    80512	      430	2.017396	0.409193	7.253051
    80512	      431	0.000000	191.870786	54.895298
    80512	      432	54984867293.794769	0.000000	0.000000
    80512	      433	2.369077	296.187829	37.477811
    80512	      434	0.253447	0.000000	0.000000
    80512	      435	300.172436	0.000000	0.000000
    80512	      436	0.157404	0.000000	0.000000
    80512	      437	0.172305	268.165259	33.573593
    80512	      438	2.132290	0.000000	0.000000
    80512	      439	0.194051	0.000000	0.000000
    80512	      440	1.386836	0.000000	0.000000
    80512	      441	1.064243	0.000000	0.000000
    80512	      442	0.847509	82.695133	31.984802
    80512	      443	0.000000	0.000000	0.000000
    80512	      444	0.000000	0.000000	0.000000
    80512	      445	2.262109	355.922703	28.509029
    80512	      446	0.099404	354.243284	23.666061
    80512	      447	0.478445	0.000000	0.000000
    80512	      448	0.123824	0.000000	0.000000
    80512	      449	0.000000	0.000000	0.000000
    80512	      450	0.022581	175.758997	64.433722
    80512	      451	1.136438	256.183685	41.510982
    80512	      452	0.194144	226.584108	29.310838
    80512	      453	5.477978	347.768246	26.941110
    80512	      454	2.273380	1.711753	61.692540
    80512	      455	0.319603	60.890127	44.715146
    80512	      456	0.749412	268.815053	28.577404
    80512	      457	1.898974	64.520835	36.152409
    80512	      458	0.000000	328.617830	82.364794
    80512	      459	0.499408	0.000000	0.000000
    80512	      460	1.271663	22.160667	21.103786
    80512	      461	nan	226.555765	88.310442
    80512	      462	7390576362182358.000000	0.000000	0.000000
    80512	      463	0.891615	214.120443	55.990092
    80512	      464	2051.404886	0.000000	0.000000
    80512	      465	2.304219	0.000000	0.000000
    80512	      466	0.090819	0.000000	0.000000
    80512	      467	3.119955	155.754203	55.432490
    80512	      468	1.097250	147.981313	21.024586
    80512	      469	1.317941	136.388842	40.477686
    80512	      470	0.780783	256.424046	39.674049
    80512	      471	0.916844	61.586441	37.642227
    80512	      472	1.218425	237.781855	56.918136
    80512	      473	0.252176	293.519408	19.286012
    80512	      474	1.369213	26.165363	27.193171
    80512	      475	1.990040	120.478618	6.292366
    80512	      476	2.902005	57.856087	41.965458
    80512	      477	0.000076	244.468838	67.426498
    80512	      478	0.097900	0.000000	0.000000
    80512	      479	1.799339	207.993871	47.343946
    80512	      480	1.823263	0.000000	0.000000
    80512	      481	1.011472	0.000000	0.000000
    80512	      482	0.602106	335.965053	10.839483
    80512	      483	0.334204	41.592369	34.849647
    80512	      484	1.469020	42.625046	38.925613
    80512	      485	0.000000	0.000000	0.000000
    80512	      486	0.000000	0.000000	0.000000
    80512	      487	0.000000	7.749288	88.880288
    80512	      488	1.752545	357.449729	89.922657
    80512	      489	1.137252	0.000000	0.000000
    80512	      490	1.963341	120.379194	30.147210
    80512	      491	0.708076	146.043516	32.133417
    80512	      492	2486118.599175	0.000000	0.000000
    80512	      493	0.808138	0.000000	0.000000
    80512	      494	4.788899	77.874647	49.491213
    80512	      495	3.125650	235.256546	37.377013
    80512	      496	0.000000	314.994607	81.341392
    80512	      497	0.884003	0.000000	0.000000
    80512	      498	0.107216	0.000000	0.000000
    80512	      499	0.746555	216.089302	35.305988
    80512	      500	3.312234	324.728160	24.021996
    80512	      501	0.312732	0.000000	0.000000
    80512	      502	0.312732	208.379428	85.087548
    80512	      503	5.060132	1.524126	75.932761
    80512	      504	0.103743	0.000000	0.000000
    80512	      505	0.247077	182.474158	20.407457
    80512	      506	0.130453	0.000000	0.000000
    80512	      507	1.190266	240.494736	71.281244
    80512	      508	0.399273	0.000000	0.000000
    80512	      509	3.083601	358.731464	41.264451
    80512	      510	1.838626	56.031094	74.159494
    80512	      511	1.347232	0.000000	0.000000
    80512	      512	0.230898	240.092070	23.845190
    80512	      513	2.042492	0.000000	0.000000
    80512	      514	0.155016	216.116042	33.629361
    80512	      515	0.244991	0.000000	0.000000
    80512	      516	0.290987	352.931608	21.223422
    80512	      517	2.187252	90.109840	36.990270
    80512	      518	1.847833	0.000000	0.000000
    80512	      519	0.805369	308.839788	32.212543
    80512	      520	0.090909	0.000000	0.000000
    80512	      521	0.246073	0.000000	0.000000
    80512	      522	0.220175	0.000000	0.000000
    80512	      523	0.268477	169.181208	9.212450
    80512	      524	0.362740	331.407609	48.399049
    80512	      525	0.242010	269.386488	22.414339
    80512	      526	1.629025	169.172865	69.219425
    80512	      527	0.195682	21.190537	18.425999
    80512	      528	3.045469	8.984945	51.378983
    80512	      529	0.046839	179.950565	10.482542
    80512	      530	2.427905	31.077114	15.338849
    80512	      531	3.321851	289.238276	59.010089
    80512	      532	104541.289011	0.000000	0.000000
    80512	      533	1.693036	0.000000	0.000000
    80512	      534	2.550463	67.825742	71.194911
    80512	      535	1.382289	159.084428	23.329701
    80512	      536	0.600930	267.557726	36.318281
    80512	      537	1.926182	0.000000	0.000000
    80512	      538	0.246820	25.700279	36.458664
    80512	      539	2.310693	0.000000	0.000000
    80512	      540	2.310693	0.000000	0.000000
file 'tasdcalibev_pass2_080512.rufldf.dst.gz' contains 541 events
