EVT  20080511, 211554.745203,    1.595,    5.970,     8.27,    15.69,   173.35,    0.000,     0.00,     1.72
EVT  20080513, 230056.791038,    5.211,  -14.997,    11.56,    30.83,    62.77,    0.000,     0.00,     2.72
EVT  20080513, 002155.333283,   -9.834,  -13.260,    18.17,    31.07,   347.90,    0.000,     0.00,     5.24
EVT  20080515, 062247.733700,    2.993,   -1.209,     5.09,    44.24,   226.92,    0.000,     0.00,     1.80
EVT  20080516, 011301.407872,    3.227,  -12.624,    43.40,    37.46,   270.88,    0.000,     0.00,    15.04
EVT  20080517, 095237.294065,    9.703,   -8.000,     8.95,    43.56,    79.23,    0.000,     0.00,     3.35
EVT  20080511, 171019.664370,   -8.353,   -7.990,     3.89,    43.60,    79.59,    0.000,     0.00,     1.30
EVT  20080511, 192403.340055,   -8.459,    0.747,    55.86,    27.86,    37.25,    0.000,     0.00,    17.01
EVT  20080516, 083920.029424,   -8.904,  -12.383,    51.67,    31.66,   223.29,    0.000,     0.00,    16.36
EVT  20080511, 162701.951056,    3.842,  -16.269,    12.22,    19.95,    30.84,    0.000,     0.00,     2.61
EVT  20080515, 040631.111542,   -7.091,  -12.222,    19.80,    32.10,     5.27,    0.000,     0.00,     5.82
EVT  20080511, 065704.645893,    8.151,    6.879,    13.06,    21.19,   139.72,    0.000,     0.00,     2.85
EVT  20080517, 035937.309362,   -9.103,    1.285,     5.32,    34.43,   112.77,    0.000,     0.00,     1.35
EVT  20080511, 172458.496540,    9.913,   -8.505,     4.49,    32.77,    75.87,    0.000,     0.00,     1.17
EVT  20080516, 125036.120500,    2.757,    1.165,    15.85,    21.35,   322.16,    0.000,     0.00,     3.70
EVT  20080516, 095000.323582,    2.358,    6.425,    17.44,    38.83,   301.72,    0.000,     0.00,     6.09
EVT  20080517, 115517.115736,   -2.250,   -7.544,    17.03,    19.52,   128.98,    0.000,     0.00,     3.91
EVT  20080511, 025012.083151,   -9.625,   -6.533,     5.74,    41.18,   134.29,    0.000,     0.00,     1.70
EVT  20080514, 212742.997293,   -3.990,    0.956,     6.82,    40.49,   280.87,    0.000,     0.00,     2.04
EVT  20080514, 213535.682291,  -10.323,   -6.335,     4.34,    42.51,    91.28,    0.000,     0.00,     1.43
EVT  20080517, 232156.842090,    6.377,   -7.144,     4.06,    43.94,   262.38,    0.000,     0.00,     1.36
EVT  20080512, 052503.839679,  -10.640,   -4.966,    11.67,    41.10,   238.91,    0.000,     0.00,     3.99
EVT  20080515, 044828.652153,    4.937,   -3.644,     3.51,    42.14,   152.16,    0.000,     0.00,     1.07
EVT  20080516, 062644.199580,   -4.580,  -16.179,    16.22,    41.20,   141.53,    0.000,     0.00,     6.02
EVT  20080516, 090451.433342,    2.146,   -5.883,    20.73,    35.51,   305.56,    0.000,     0.00,     6.78
EVT  20080516, 175746.503330,    1.609,   11.215,     7.31,    40.19,   262.92,    0.000,     0.00,     2.07
EVT  20080517, 105343.447976,   -0.356,    6.423,     8.14,    41.08,    50.80,    0.000,     0.00,     2.52
EVT  20080512, 084253.459978,    6.540,   -3.486,     6.03,    12.60,   145.10,    0.000,     0.00,     1.33
EVT  20080513, 061803.097562,   -3.881,   -4.074,     8.66,    30.76,   162.79,    0.000,     0.00,     1.91
EVT  20080513, 125421.242315,    4.406,   -6.824,     9.70,    36.66,   184.65,    0.000,     0.00,     2.59
EVT  20080516, 172939.348870,    3.219,   -3.314,    13.78,    28.55,    68.69,    0.000,     0.00,     3.39
EVT  20080513, 064911.405888,    2.688,    8.349,     9.37,    25.59,    60.39,    0.000,     0.00,     2.01
EVT  20080513, 022000.560612,   -6.327,  -14.609,    12.45,    24.12,   207.71,    0.000,     0.00,     2.77
EVT  20080516, 084118.038006,   10.837,   -0.558,    12.73,    23.85,   232.22,    0.000,     0.00,     2.86
EVT  20080517, 215250.606474,   -5.649,  -15.380,     6.07,    24.06,   117.41,    0.000,     0.00,     1.30
EVT  20080512, 232527.900269,   -3.412,   -8.443,    10.24,    31.13,   319.55,    0.000,     0.00,     2.43
EVT  20080515, 095718.108270,   10.579,    1.205,    12.92,    27.27,   348.46,    0.000,     0.00,     3.10
EVT  20080511, 223112.479539,   -2.715,  -14.694,    13.68,    42.29,   220.19,    0.000,     0.00,     5.31
EVT  20080512, 045351.019079,   -4.327,  -14.453,    24.15,    31.54,    96.94,    0.000,     0.00,     7.26
EVT  20080516, 111432.854141,    2.937,    6.224,    16.14,    41.62,   313.84,    0.000,     0.00,     6.18
EVT  20080511, 130441.324587,  -11.732,   -0.897,     6.23,    26.06,    14.28,    0.000,     0.00,     1.42
EVT  20080517, 023232.032158,   -5.065,   -8.557,    10.91,    29.85,   314.82,    0.000,     0.00,     2.52
EVT  20080512, 205902.330215,   -6.259,  -12.697,     5.86,    43.68,   294.58,    0.000,     0.00,     2.02
EVT  20080515, 171226.098731,   -6.490,   -8.751,    71.82,    22.63,    83.10,    0.000,     0.00,    21.18
EVT  20080513, 000932.731138,   -5.782,   -7.093,    10.71,    39.18,   164.69,    0.000,     0.00,     3.38
EVT  20080515, 230200.874870,  -10.494,   -5.217,     9.34,    41.81,   130.28,    0.000,     0.00,     3.16
EVT  20080511, 140738.467238,  -10.986,   -1.480,     5.46,    44.78,    71.80,    0.000,     0.00,     1.95
EVT  20080512, 180714.023478,  -11.403,   -6.735,    32.06,    44.93,   221.24,    0.000,     0.00,    15.64
EVT  20080514, 011733.953405,  -10.487,   -8.144,    10.82,     9.00,   321.55,    0.000,     0.00,     2.10
EVT  20080516, 125339.928793,   -1.736,  -10.351,     6.36,    43.63,   358.93,    0.000,     0.00,     2.21
EVT  20080513, 040058.435767,    6.321,    7.420,     5.31,    43.68,   252.56,    0.000,     0.00,     1.81
EVT  20080516, 205914.558143,    7.569,  -10.822,     3.41,    42.97,   247.65,    0.000,     0.00,     1.10
EVT  20080512, 082650.577601,  -10.929,   -5.199,    12.65,    26.47,   151.98,    0.000,     0.00,     2.87
EVT  20080512, 144136.228949,    7.525,  -10.933,     6.45,    30.38,     6.09,    0.000,     0.00,     1.45
EVT  20080513, 095847.425039,   -3.567,    1.754,    18.72,    31.94,   261.34,    0.000,     0.00,     5.44
EVT  20080514, 110617.370299,   -4.456,   -2.513,     3.51,    43.65,   253.17,    0.000,     0.00,     1.16
EVT  20080514, 190909.303851,   -1.088,    7.677,    14.42,    34.03,   336.82,    0.000,     0.00,     3.99
EVT  20080515, 002040.042834,    0.703,    6.290,     6.56,    40.56,   187.79,    0.000,     0.00,     1.95
EVT  20080515, 022539.332763,    8.168,    8.129,    15.43,    31.69,   172.35,    0.000,     0.00,     4.23
EVT  20080517, 145424.601145,    5.795,  -12.122,     7.55,    44.61,   279.69,    0.000,     0.00,     2.89
EVT  20080512, 191517.470689,   -2.868,  -16.261,    19.68,    24.83,   342.64,    0.000,     0.00,     5.14
EVT  20080515, 232505.065522,    7.971,   -4.374,    11.31,    32.94,   250.94,    0.000,     0.00,     2.89
EVT  20080517, 032427.492226,    7.491,    6.911,     7.57,    44.01,   117.14,    0.000,     0.00,     2.73
EVT  20080517, 213323.229961,   -8.888,  -11.912,    32.75,    41.31,   174.99,    0.000,     0.00,    13.03
EVT  20080512, 030523.193494,    5.489,  -10.103,    10.92,    40.68,   181.52,    0.000,     0.00,     3.66
EVT  20080512, 061126.189456,    3.546,   -3.078,     7.34,    40.33,   318.39,    0.000,     0.00,     2.22
EVT  20080512, 041240.003503,   -7.578,  -10.411,    39.66,    34.55,   146.33,    0.000,     0.00,    12.85
EVT  20080513, 004028.502893,   -2.070,   -4.918,     5.96,    41.03,   312.86,    0.000,     0.00,     1.76
EVT  20080517, 101356.776433,   -8.786,   -5.154,    12.92,    28.43,   230.34,    0.000,     0.00,     3.10
EVT  20080511, 060743.636153,  -11.951,   -1.593,     9.82,    27.37,    56.94,    0.000,     0.00,     2.15
EVT  20080511, 172356.205736,    6.082,  -11.859,    12.08,    38.61,    32.60,    0.000,     0.00,     3.80
EVT  20080512, 123347.348555,   -4.696,  -11.653,    18.94,    38.16,   148.33,    0.000,     0.00,     6.67
EVT  20080512, 114324.764855,    9.832,    0.797,    21.75,    39.24,    15.16,    0.000,     0.00,     8.06
EVT  20080514, 101534.632774,   -4.876,  -10.596,     6.69,    41.58,   169.20,    0.000,     0.00,     2.11
EVT  20080512, 163434.532552,    5.786,  -11.938,    17.76,    39.50,   115.80,    0.000,     0.00,     6.57
EVT  20080514, 044431.895438,   10.699,   -9.355,    15.17,    32.24,   308.79,    0.000,     0.00,     4.13
EVT  20080512, 095442.816352,   -2.701,    0.182,    15.85,    33.39,   313.32,    0.000,     0.00,     4.52
EVT  20080516, 112245.239228,  -11.742,  -10.983,     5.26,    43.33,   127.42,    0.000,     0.00,     1.79
EVT  20080515, 105303.069565,   -6.420,    1.779,    51.59,    29.58,   233.14,    0.000,     0.00,    15.90
EVT  20080516, 214522.976607,    2.198,   -0.547,    14.20,    24.86,    24.40,    0.000,     0.00,     3.32
EVT  20080512, 041234.642641,    2.182,   -0.741,    11.25,    37.71,    35.83,    0.000,     0.00,     3.30
EVT  20080514, 072340.382546,   -3.567,   -5.353,    21.58,    12.27,   335.12,    0.000,     0.00,     5.17
EVT  20080516, 021745.548364,   -4.491,  -11.777,     5.57,    42.17,   153.69,    0.000,     0.00,     1.72
EVT  20080512, 210044.933312,   -3.380,    0.923,     9.82,    39.37,   207.26,    0.000,     0.00,     2.99
EVT  20080512, 012101.593631,   -9.253,   -9.284,    18.37,    32.22,   115.55,    0.000,     0.00,     5.31
EVT  20080515, 092311.637611,   -3.616,   -8.850,    57.00,    34.70,   210.08,    0.000,     0.00,    19.09
EVT  20080511, 183858.444755,    4.610,    6.096,     8.32,    37.63,   194.45,    0.000,     0.00,     2.23
EVT  20080511, 145407.893319,    3.466,  -12.181,     5.47,    43.72,   357.54,    0.000,     0.00,     1.87
EVT  20080513, 094254.875280,   -6.469,   -9.156,    23.45,    32.31,   355.17,    0.000,     0.00,     7.04
EVT  20080515, 095557.381053,    6.115,   11.343,     9.44,    16.09,   127.34,    0.000,     0.00,     1.91
EVT  20080515, 092704.849184,    2.560,   -5.811,    10.76,    17.30,   311.96,    0.000,     0.00,     2.17
EVT  20080517, 071950.059216,    4.324,   -0.908,     6.86,    40.36,    13.61,    0.000,     0.00,     2.05
EVT  20080513, 073841.462817,    3.747,   -7.240,    15.38,    28.06,   349.95,    0.000,     0.00,     3.95
EVT  20080513, 054316.347249,    9.948,   -8.722,    35.38,    25.33,    59.51,    0.000,     0.00,    10.31
EVT  20080514, 220827.549667,   -2.790,    1.729,    16.48,    40.91,   109.93,    0.000,     0.00,     6.13
EVT  20080515, 095044.069320,    6.248,  -16.746,    11.31,    21.16,    59.78,    0.000,     0.00,     2.38
EVT  20080513, 005409.469390,   -2.034,   -7.014,     5.53,    19.41,   355.94,    0.000,     0.00,     1.29
EVT  20080516, 201039.347067,    7.498,    0.207,     7.52,    29.40,   101.07,    0.000,     0.00,     1.65
EVT  20080511, 152347.752304,   10.142,   -2.635,    11.62,    25.04,    99.50,    0.000,     0.00,     2.53
EVT  20080515, 181046.531480,   -4.559,    5.432,    24.51,    43.88,   343.17,    0.000,     0.00,    10.77
EVT  20080516, 210430.298277,  -12.222,  -11.444,    10.14,    23.51,   285.49,    0.000,     0.00,     2.13
EVT  20080512, 105427.783660,   -3.952,   -2.636,    10.01,    38.33,   110.59,    0.000,     0.00,     2.94
EVT  20080513, 125212.867866,   -7.038,  -15.508,    11.07,    24.18,     2.53,    0.000,     0.00,     2.37
EVT  20080516, 154723.344672,   -9.549,  -11.834,     9.41,    27.92,   142.19,    0.000,     0.00,     2.05
EVT  20080517, 103129.783766,    4.298,   -1.820,    13.01,    19.52,   349.86,    0.000,     0.00,     2.71
EVT  20080517, 141810.819333,    4.577,  -13.842,     7.12,    35.15,   322.44,    0.000,     0.00,     1.74
EVT  20080511, 140556.752147,  -12.043,   -3.775,     6.91,    39.25,   208.64,    0.000,     0.00,     1.94
EVT  20080515, 093121.538618,    5.496,  -11.453,     7.62,    36.40,   124.38,    0.000,     0.00,     1.93
EVT  20080515, 115620.984446,    8.213,   -6.438,    10.24,    35.54,   251.20,    0.000,     0.00,     2.79
EVT  20080515, 043143.422007,    5.326,   -6.549,    15.46,    32.84,    39.86,    0.000,     0.00,     4.38
EVT  20080516, 013326.910895,   -2.455,    1.778,    10.48,    44.26,   241.50,    0.000,     0.00,     4.39
EVT  20080517, 080330.444969,    2.165,    7.305,    12.50,    30.35,    17.56,    0.000,     0.00,     3.03
EVT  20080513, 091611.604446,    2.921,  -11.744,    27.28,    28.59,    11.20,    0.000,     0.00,     7.80
EVT  20080514, 185058.236096,   -2.584,   -9.689,    44.35,    34.21,   167.61,    0.000,     0.00,    14.51
EVT  20080516, 070627.492668,   -9.298,   -6.108,    10.56,    40.69,   178.58,    0.000,     0.00,     3.50
EVT  20080517, 001038.276212,   -6.379,  -15.948,    12.03,    42.49,   165.47,    0.000,     0.00,     4.54
EVT  20080511, 180131.089510,    6.106,    0.851,    11.37,    28.12,    48.53,    0.000,     0.00,     2.61
EVT  20080512, 085839.160749,   -9.314,   -3.732,     6.27,    14.18,   270.29,    0.000,     0.00,     1.37
EVT  20080515, 201011.378407,    3.585,   -2.547,    50.25,    27.55,   298.72,    0.000,     0.00,    15.15
EVT  20080511, 153231.427099,    9.935,    0.714,    10.12,    43.85,   202.40,    0.000,     0.00,     3.91
EVT  20080512, 013257.265645,    6.051,   -0.748,     8.76,    33.93,   225.32,    0.000,     0.00,     2.12
EVT  20080512, 054417.099036,    3.035,    6.565,     9.75,    43.95,   321.28,    0.000,     0.00,     3.73
EVT  20080514, 022839.453122,   -7.813,   -7.532,     8.45,    27.27,    71.92,    0.000,     0.00,     1.82
EVT  20080512, 043711.307842,    3.846,   -8.357,     7.64,    28.75,    35.28,    0.000,     0.00,     1.62
EVT  20080515, 075347.455785,   -9.297,  -10.169,    30.93,    43.51,   249.49,    0.000,     0.00,    13.63
EVT  20080516, 224338.546853,   -6.703,    1.646,    11.34,    23.95,   252.84,    0.000,     0.00,     2.45
EVT  20080517, 094350.120374,    8.240,    1.807,    12.39,    30.91,    35.80,    0.000,     0.00,     2.99
EVT  20080512, 062017.652638,    7.361,    1.208,     4.09,    30.90,    99.62,    0.000,     0.00,     1.02
EVT  20080512, 152957.872049,    1.926,   10.005,    26.54,    13.87,    30.77,    0.000,     0.00,     6.91
EVT  20080517, 100418.416103,    3.245,  -12.098,    10.78,    29.06,    36.12,    0.000,     0.00,     2.43
EVT  20080511, 061455.146635,   -4.690,  -11.031,     6.12,    42.48,    38.13,    0.000,     0.00,     2.06
EVT  20080512, 171918.714824,    7.868,   -6.840,     6.17,    41.60,   278.05,    0.000,     0.00,     1.93
EVT  20080516, 010341.857682,  -10.088,   -5.473,    24.79,    26.35,   179.79,    0.000,     0.00,     6.98
EVT  20080517, 025413.271761,    4.438,  -14.808,     5.55,    42.46,   267.96,    0.000,     0.00,     1.85
EVT  20080511, 054640.553773,    6.651,    0.698,     9.36,    35.33,   293.67,    0.000,     0.00,     2.37
EVT  20080516, 224549.617032,   -4.929,    0.368,    62.42,    17.75,   268.11,    0.000,     0.00,    18.15
EVT  20080512, 030727.136483,    5.116,   12.276,    16.05,    27.35,    32.95,    0.000,     0.00,     4.18
EVT  20080514, 034219.127094,   -2.688,   -9.671,    12.57,     8.16,    32.48,    0.000,     0.00,     2.44
EVT  20080515, 175535.185887,   -2.261,   -5.489,     8.62,    37.63,   139.30,    0.000,     0.00,     2.32
EVT  20080511, 220400.869843,  -11.454,   -5.244,    12.96,    38.84,   136.49,    0.000,     0.00,     4.18
EVT  20080512, 163536.083469,   -7.731,   -1.584,     9.97,    40.99,   182.64,    0.000,     0.00,     3.25
EVT  20080512, 125246.051581,   -2.984,   -7.182,    17.03,    15.07,   217.33,    0.000,     0.00,     3.69
EVT  20080514, 135423.996106,    5.655,  -16.977,     8.65,    38.97,   343.84,    0.000,     0.00,     2.43
EVT  20080517, 135727.900466,   -9.551,   -7.893,    21.47,    38.32,   347.88,    0.000,     0.00,     7.58
EVT  20080512, 043818.020818,   -1.635,    5.706,    12.75,    35.43,   295.95,    0.000,     0.00,     3.57
EVT  20080511, 015120.015870,  -12.021,   -5.902,    64.74,    33.65,   107.35,    0.000,     0.00,    21.40
EVT  20080513, 024938.305134,    5.815,   -0.134,     9.94,    29.77,    25.28,    0.000,     0.00,     2.24
EVT  20080515, 220847.389416,   -8.170,  -10.701,    26.44,    34.77,   196.03,    0.000,     0.00,     8.37
EVT  20080516, 072118.663328,    5.952,   -3.173,    12.28,    33.88,   157.38,    0.000,     0.00,     3.22
EVT  20080517, 222054.791870,   -8.186,    1.217,    15.85,    34.09,   349.71,    0.000,     0.00,     4.77
EVT  20080517, 105922.337672,    5.995,   10.119,    18.06,    33.92,    45.46,    0.000,     0.00,     5.34
EVT  20080512, 015056.466292,  -11.962,   -1.427,    25.96,    39.96,   281.52,    0.000,     0.00,     9.39
EVT  20080514, 223837.507021,    4.104,    7.856,    19.18,    30.54,   151.51,    0.000,     0.00,     5.38
EVT  20080515, 005917.311574,   -1.350,  -16.207,     8.52,    42.76,   304.85,    0.000,     0.00,     3.00
EVT  20080517, 152406.595092,   -4.033,   -1.922,     5.13,    43.14,   192.06,    0.000,     0.00,     1.71
EVT  20080512, 111216.878528,   -9.559,   -0.160,    17.13,    38.12,   259.33,    0.000,     0.00,     5.96
EVT  20080513, 071321.059207,   -6.674,  -14.680,    18.07,    18.19,   295.69,    0.000,     0.00,     4.26
EVT  20080517, 051016.364885,   -2.609,   -8.750,    16.62,    28.56,    13.14,    0.000,     0.00,     4.38
EVT  20080513, 144725.528997,   10.627,   -3.334,    18.61,    26.18,    23.42,    0.000,     0.00,     4.87
EVT  20080516, 155126.535255,   -4.551,   -7.171,    27.18,    17.04,    89.81,    0.000,     0.00,     7.31
EVT  20080517, 133657.637204,  -11.993,   -7.227,     9.83,    27.45,     9.72,    0.000,     0.00,     2.16
EVT  20080512, 191924.192678,   -6.184,   -9.961,    17.60,    36.69,   182.32,    0.000,     0.00,     5.67
EVT  20080515, 095617.783219,   -3.875,  -10.785,    16.23,    35.90,   238.02,    0.000,     0.00,     5.15
EVT  20080516, 202944.443668,    3.335,   -7.591,     9.13,    40.48,    21.00,    0.000,     0.00,     2.90
EVT  20080517, 123414.277453,    7.532,   -9.398,     4.42,    40.79,   140.60,    0.000,     0.00,     1.32
EVT  20080511, 084823.254683,    7.579,    1.871,    14.87,    26.50,   137.03,    0.000,     0.00,     3.58
EVT  20080514, 072626.145518,    4.576,  -12.626,    13.70,    29.12,   356.52,    0.000,     0.00,     3.37
EVT  20080515, 073222.382324,    4.656,   10.206,    11.55,    28.93,   184.49,    0.000,     0.00,     2.66
EVT  20080517, 231440.509616,   -9.155,  -12.519,     9.75,    28.28,   317.95,    0.000,     0.00,     2.14
EVT  20080511, 090315.567465,    9.960,   -2.126,    12.48,    36.51,   248.28,    0.000,     0.00,     3.65
EVT  20080512, 235301.143660,    0.785,    7.057,    11.07,    41.25,     5.12,    0.000,     0.00,     3.91
EVT  20080514, 142709.405616,    8.218,   10.153,    10.05,    25.86,   176.04,    0.000,     0.00,     2.17
EVT  20080516, 165033.115778,   -0.951,    8.537,     8.92,    38.66,   237.01,    0.000,     0.00,     2.53
EVT  20080511, 215855.412446,   -6.146,   -4.847,     5.12,    44.94,     6.05,    0.000,     0.00,     1.93
EVT  20080512, 135525.246984,   -8.786,   -6.538,    13.14,    41.74,   275.20,    0.000,     0.00,     4.84
EVT  20080511, 192935.843124,   -7.459,  -16.359,     8.91,    28.59,   325.56,    0.000,     0.00,     1.92
EVT  20080514, 120712.603772,    6.885,  -15.319,     6.80,    42.04,   182.89,    0.000,     0.00,     2.15
EVT  20080512, 180839.329453,  -11.957,   -6.641,     7.65,    38.07,   307.12,    0.000,     0.00,     2.09
EVT  20080513, 023813.263138,   -6.969,   -4.124,     6.89,    40.74,   247.54,    0.000,     0.00,     2.06
EVT  20080513, 094752.160134,   -8.814,   -7.234,     7.02,    41.40,    70.86,    0.000,     0.00,     2.23
EVT  20080516, 073154.931184,    6.717,    0.794,    44.62,    27.97,   230.17,    0.000,     0.00,    13.30
EVT  20080517, 223037.345891,    0.021,    5.662,    17.74,    21.43,   218.67,    0.000,     0.00,     4.31
EVT  20080517, 062742.723582,    4.407,  -13.872,     9.13,    30.63,    39.46,    0.000,     0.00,     2.03
EVT  20080511, 132020.302536,   -7.158,   -9.900,    10.25,    27.41,   117.99,    0.000,     0.00,     2.28
EVT  20080513, 061221.573864,   -8.222,    0.197,    31.50,    24.22,   326.15,    0.000,     0.00,     8.70
EVT  20080514, 170054.915737,  -11.439,  -11.731,    36.48,    10.72,    34.57,    0.000,     0.00,    10.02
EVT  20080515, 204318.819511,   12.191,   -7.555,    42.91,    11.96,   280.32,    0.000,     0.00,    11.94
EVT  20080516, 090850.524242,   -8.879,   -0.769,    10.61,    36.50,   207.58,    0.000,     0.00,     2.92
EVT  20080511, 013712.337228,   -3.895,   -8.827,     8.37,    35.16,    79.44,    0.000,     0.00,     2.08
EVT  20080513, 065508.767967,    5.090,  -14.322,     7.79,    26.80,   108.50,    0.000,     0.00,     1.69
EVT  20080513, 031626.285958,    6.231,  -12.469,    18.55,    33.65,   261.45,    0.000,     0.00,     5.52
EVT  20080515, 100403.244938,    4.203,   12.514,    12.38,    17.19,   329.60,    0.000,     0.00,     2.55
EVT  20080515, 194941.768350,    6.884,    1.218,    17.49,    32.52,   200.19,    0.000,     0.00,     4.99
EVT  20080517, 104434.284999,   -1.607,   -6.566,    15.36,    33.04,     9.74,    0.000,     0.00,     4.34
EVT  20080517, 120226.232975,   -9.376,   -7.297,    26.75,    11.16,    70.45,    0.000,     0.00,     6.95
EVT  20080515, 133944.771340,  -11.211,   -3.415,    19.20,    15.30,    48.55,    0.000,     0.00,     4.37
EVT  20080517, 072054.805936,   -6.297,   -6.264,     8.16,    39.26,    24.19,    0.000,     0.00,     2.35
EVT  20080516, 025043.228344,   -4.360,    6.593,    86.25,    20.38,   306.50,    0.000,     0.00,    25.87
EVT  20080514, 114653.497536,   -2.885,   -3.939,     7.93,    35.35,   181.80,    0.000,     0.00,     1.95
EVT  20080517, 224314.510515,   -8.453,  -15.223,     6.98,    42.00,   119.34,    0.000,     0.00,     2.22
EVT  20080511, 212237.988407,    2.793,   -9.668,    14.44,    31.52,   290.91,    0.000,     0.00,     3.87
EVT  20080513, 224530.213711,   10.060,   -6.069,     9.25,    23.91,   312.86,    0.000,     0.00,     1.91
EVT  20080513, 055917.532110,    8.745,   -4.637,    15.12,    31.86,   235.63,    0.000,     0.00,     4.12
EVT  20080511, 161823.368872,   -7.414,   -2.583,    20.44,    30.25,   317.52,    0.000,     0.00,     5.82
EVT  20080512, 101515.731011,   11.192,   -0.671,     6.48,    40.33,    87.82,    0.000,     0.00,     1.93
EVT  20080512, 040953.894141,   12.725,   -7.783,    21.13,    30.00,    93.28,    0.000,     0.00,     6.05
EVT  20080516, 230144.657173,   10.337,    1.409,    29.37,    40.41,    73.90,    0.000,     0.00,    11.07
EVT  20080517, 214230.438084,   -2.760,   -0.593,    19.19,    14.97,   285.44,    0.000,     0.00,     4.36
EVT  20080511, 055830.170506,    4.201,  -12.174,     5.00,    44.23,    14.74,    0.000,     0.00,     1.76
EVT  20080511, 004203.263384,    1.928,    7.906,    16.17,    37.04,   309.35,    0.000,     0.00,     5.34
EVT  20080512, 175901.084167,    2.233,    8.146,    11.52,    34.79,   331.51,    0.000,     0.00,     3.11
EVT  20080517, 145331.413852,   -6.864,    0.156,     4.68,    44.13,    74.47,    0.000,     0.00,     1.64
EVT  20080512, 114914.294166,   -3.294,   -7.160,     5.35,    11.46,   336.21,    0.000,     0.00,     1.22
EVT  20080512, 053842.568264,   -4.110,   -5.196,    14.26,    14.19,   155.81,    0.000,     0.00,     2.93
EVT  20080513, 035739.898180,    7.486,   -9.951,    14.73,    13.80,   324.99,    0.000,     0.00,     3.05
EVT  20080512, 201126.681158,    6.436,   10.874,     4.83,    18.72,   298.72,    0.000,     0.00,     1.13
EVT  20080512, 014918.463833,   -1.617,  -13.459,    16.09,    38.31,   282.11,    0.000,     0.00,     5.54
EVT  20080513, 022807.211194,   -7.906,  -14.886,    23.83,    39.01,   133.76,    0.000,     0.00,     8.36
EVT  20080513, 122200.835767,    4.227,    6.912,    20.96,    40.16,   110.04,    0.000,     0.00,     7.79
EVT  20080517, 234253.337580,    2.802,   12.166,    20.11,    40.24,   243.29,    0.000,     0.00,     7.62
EVT  20080512, 001026.817969,   -9.551,  -11.478,    26.38,    39.37,   315.52,    0.000,     0.00,     9.53
EVT  20080515, 154858.377769,    6.909,  -11.218,     9.10,    31.53,   172.33,    0.000,     0.00,     2.10
EVT  20080514, 182533.550605,  -11.705,  -10.901,     5.78,    22.29,   351.35,    0.000,     0.00,     1.28
EVT  20080517, 125147.894798,    2.364,   10.180,     6.53,    38.56,    90.12,    0.000,     0.00,     1.76
EVT  20080511, 091655.343938,    0.976,    5.471,    10.38,    23.90,   261.88,    0.000,     0.00,     2.19
EVT  20080512, 033347.848055,   10.348,   -7.435,    18.76,    23.91,    41.02,    0.000,     0.00,     4.83
EVT  20080514, 061608.282947,   -5.511,  -11.969,     4.28,    31.51,   158.92,    0.000,     0.00,     1.05
EVT  20080517, 180533.426897,   -4.884,   -7.534,    71.68,    17.35,   269.73,    0.000,     0.00,    21.09
EVT  20080511, 074144.362290,   -7.692,   -7.843,     6.72,    39.92,    11.29,    0.000,     0.00,     1.89
EVT  20080513, 195956.228737,    3.688,   -9.665,    46.36,    36.09,   104.08,    0.000,     0.00,    15.59
EVT  20080516, 100140.484584,    6.282,   -9.503,     5.29,    25.87,   174.56,    0.000,     0.00,     1.25
EVT  20080511, 105016.826449,    4.137,    9.701,     6.80,    41.36,   251.18,    0.000,     0.00,     2.15
EVT  20080511, 095155.244235,   -6.964,   -3.584,    26.22,    32.04,    75.03,    0.000,     0.00,     7.91
EVT  20080512, 133701.557113,   -6.294,  -14.398,     7.91,    35.43,   202.99,    0.000,     0.00,     1.95
EVT  20080514, 121453.188620,    3.950,  -16.852,     6.71,    39.44,    39.92,    0.000,     0.00,     1.89
EVT  20080512, 075014.891926,    1.358,    7.249,    13.89,    33.73,   111.13,    0.000,     0.00,     3.80
EVT  20080512, 094255.344441,    2.591,    1.400,    56.26,    27.26,    18.57,    0.000,     0.00,    17.05
EVT  20080513, 044643.383067,   10.670,   -7.800,     8.40,    37.48,    54.68,    0.000,     0.00,     2.25
EVT  20080513, 220634.609008,   12.208,   -4.588,     8.83,    40.56,   257.40,    0.000,     0.00,     2.78
EVT  20080517, 133741.027016,   -9.234,    1.247,     3.56,    43.79,   156.42,    0.000,     0.00,     1.18
EVT  20080511, 172308.115473,    0.834,    7.502,    62.22,    42.71,   252.20,    0.000,     0.00,    27.58
EVT  20080515, 010948.873597,  -10.697,   -9.934,    10.67,    31.45,   205.82,    0.000,     0.00,     2.56
EVT  20080516, 101823.160594,   -2.296,  -14.562,     9.56,    33.50,   182.37,    0.000,     0.00,     2.34
EVT  20080516, 235110.288175,    8.303,  -14.322,    31.64,    32.52,    58.89,    0.000,     0.00,     9.60
EVT  20080512, 092413.780189,   -6.607,  -13.406,     5.10,    44.40,    74.53,    0.000,     0.00,     1.80
EVT  20080517, 232717.093348,    5.661,   -6.830,     9.45,    42.88,    54.98,    0.000,     0.00,     3.39
EVT  20080514, 063120.407150,   -1.830,    0.557,    16.41,    23.79,   163.71,    0.000,     0.00,     4.05
EVT  20080512, 182504.236399,   -3.303,   -6.999,    21.76,    28.97,     3.22,    0.000,     0.00,     6.12
EVT  20080516, 155812.808114,   -2.547,  -16.041,    14.58,    11.04,   193.42,    0.000,     0.00,     2.90
EVT  20080513, 081119.043025,   -3.695,  -16.451,    19.52,    36.69,   283.82,    0.000,     0.00,     6.37
EVT  20080511, 173812.380904,    6.345,   10.802,     5.64,    29.20,   173.63,    0.000,     0.00,     1.31
EVT  20080512, 170854.794683,    5.842,   -4.346,     8.14,    41.97,   280.14,    0.000,     0.00,     2.67
EVT  20080511, 064955.155405,   -7.200,  -11.080,    16.60,    24.60,   327.12,    0.000,     0.00,     4.11
EVT  20080517, 175041.307831,    1.720,    9.045,     8.67,    30.25,   293.27,    0.000,     0.00,     1.91
EVT  20080513, 090238.188701,   10.135,   -6.527,    57.12,    35.69,   275.64,    0.000,     0.00,    19.62
EVT  20080511, 071053.245060,  -10.496,   -2.543,     4.93,    39.29,   266.80,    0.000,     0.00,     1.44
EVT  20080511, 001844.210520,   11.775,   -0.791,    13.62,    43.09,   220.11,    0.000,     0.00,     5.28
EVT  20080515, 135646.247633,    7.793,  -13.213,    15.33,    41.61,   136.04,    0.000,     0.00,     5.82
EVT  20080517, 055135.221932,  -10.438,   -2.499,    12.25,    33.98,   224.88,    0.000,     0.00,     3.21
EVT  20080513, 054816.365734,   -1.624,    8.086,    22.74,    39.70,   171.72,    0.000,     0.00,     8.38
EVT  20080514, 113055.618646,    9.493,  -12.629,    15.41,    27.47,   168.21,    0.000,     0.00,     3.96
EVT  20080512, 175741.680854,   -7.400,   -2.811,     8.71,    27.24,    37.25,    0.000,     0.00,     1.87
EVT  20080514, 005931.139345,   12.253,   -2.899,     9.74,    38.73,   272.67,    0.000,     0.00,     2.83
EVT  20080515, 064924.881081,   -6.907,   -8.427,     4.81,    38.39,    65.76,    0.000,     0.00,     1.33
EVT  20080515, 170056.382494,    9.807,  -13.010,    12.15,    42.85,    42.78,    0.000,     0.00,     4.60
EVT  20080515, 143855.631128,    4.744,   -8.709,    34.30,     5.59,   193.53,    0.000,     0.00,     9.37
EVT  20080514, 033129.341060,    2.786,   -8.546,    33.86,    21.25,   229.70,    0.000,     0.00,     9.31
EVT  20080512, 054945.409502,    6.306,   -7.666,    12.01,    28.18,   297.95,    0.000,     0.00,     2.81
EVT  20080516, 182923.219560,    5.130,   -6.183,    50.55,    17.84,   219.76,    0.000,     0.00,    14.43
EVT  20080514, 224652.403048,    4.354,    1.303,    26.92,    20.22,   292.30,    0.000,     0.00,     7.24
EVT  20080516, 025332.218935,  -10.374,   -0.106,    11.28,    22.93,   335.35,    0.000,     0.00,     2.43
EVT  20080511, 145932.522525,   -4.557,   -6.569,    36.90,    20.79,    61.34,    0.000,     0.00,    10.22
EVT  20080515, 091734.400530,   -7.096,   -9.547,     3.84,    39.46,   318.83,    0.000,     0.00,     1.18
EVT  20080515, 130344.154581,  -10.985,   -4.883,    13.44,    35.33,   334.49,    0.000,     0.00,     3.83
EVT  20080511, 121520.548162,   -2.604,   -3.810,    11.72,    29.91,   258.06,    0.000,     0.00,     2.78
EVT  20080517, 050158.077506,    6.431,  -11.875,     7.63,     1.97,    26.25,    0.000,     0.00,     1.61
EVT  20080512, 110023.174300,   -3.854,    0.408,     6.17,    41.00,   158.30,    0.000,     0.00,     1.83
EVT  20080512, 183531.553827,   -5.050,   -7.119,    13.18,    20.11,    74.41,    0.000,     0.00,     2.88
EVT  20080512, 102605.556771,  -11.132,   -9.569,    23.62,    23.90,   281.04,    0.000,     0.00,     6.38
EVT  20080514, 180105.342937,   -8.019,  -13.179,    11.40,    32.58,   248.05,    0.000,     0.00,     2.92
EVT  20080515, 233502.310500,    9.390,  -12.696,     8.91,    39.32,    47.62,    0.000,     0.00,     2.63
EVT  20080517, 225908.033852,    5.315,  -13.208,    25.52,    32.02,    95.34,    0.000,     0.00,     7.69
EVT  20080514, 182029.477169,  -10.067,   -5.755,     9.14,    30.30,     6.24,    0.000,     0.00,     2.03
EVT  20080516, 170003.491371,    9.957,   -6.129,     3.59,    40.24,   141.20,    0.000,     0.00,     1.09
EVT  20080511, 062015.185686,   -8.647,   -3.183,     6.27,    42.14,   306.20,    0.000,     0.00,     1.96
EVT  20080511, 113808.780804,    2.695,   -2.093,    18.47,    26.01,   310.46,    0.000,     0.00,     4.83
EVT  20080512, 100340.987947,   10.270,    1.620,     9.83,    39.31,    51.75,    0.000,     0.00,     3.00
EVT  20080512, 165119.303211,   -3.011,   -4.370,    21.45,    30.10,   333.11,    0.000,     0.00,     6.16
EVT  20080516, 000842.064661,   -3.336,    5.754,     3.24,    44.29,   124.99,    0.000,     0.00,     1.10
EVT  20080511, 165947.186447,    6.351,  -14.278,    10.28,    20.40,   210.98,    0.000,     0.00,     2.13
EVT  20080511, 181946.712565,   -5.951,  -13.488,    17.16,    23.65,   324.84,    0.000,     0.00,     4.30
EVT  20080511, 011030.605392,    6.470,   -7.235,    40.15,    31.18,   294.40,    0.000,     0.00,    12.44
EVT  20080512, 200541.140880,   -7.912,    0.688,    29.34,    31.55,    61.99,    0.000,     0.00,     8.86
EVT  20080513, 055727.359514,   -8.548,    0.351,    12.46,    22.66,   338.56,    0.000,     0.00,     2.68
EVT  20080511, 025155.368165,   -6.131,   -6.839,    26.32,    24.13,   285.66,    0.000,     0.00,     7.18
EVT  20080512, 140028.376850,    6.374,   -6.944,    12.15,    33.51,   104.94,    0.000,     0.00,     3.17
EVT  20080513, 123332.623128,   -8.901,   -2.540,    10.68,    35.62,   313.63,    0.000,     0.00,     2.95
EVT  20080514, 052817.127919,    8.104,   -8.788,     7.82,    39.44,   118.63,    0.000,     0.00,     2.23
EVT  20080515, 112921.125259,   -2.965,    7.966,     8.94,    39.15,    67.92,    0.000,     0.00,     2.64
EVT  20080511, 010133.800781,    8.871,   -5.849,     6.09,    39.54,   116.67,    0.000,     0.00,     1.71
EVT  20080514, 012921.001441,    5.916,    5.736,    10.84,    40.73,   180.60,    0.000,     0.00,     3.63
EVT  20080514, 214657.080017,    7.852,  -13.566,    39.75,    44.43,    53.98,    0.000,     0.00,    18.73
EVT  20080512, 051602.179927,   -1.810,  -11.060,    13.41,    43.52,   169.19,    0.000,     0.00,     5.56
EVT  20080515, 002141.403327,   -8.679,   -4.184,    10.21,    37.09,   338.45,    0.000,     0.00,     2.90
EVT  20080513, 064916.844543,   -4.754,   -6.431,     9.80,    33.45,   257.09,    0.000,     0.00,     2.41
EVT  20080516, 143541.525591,    3.068,    1.281,    22.69,    35.45,   312.44,    0.000,     0.00,     7.21
EVT  20080511, 035922.305509,    2.234,  -16.675,    10.44,    26.20,    88.09,    0.000,     0.00,     2.26
EVT  20080514, 165246.052594,    1.825,   10.904,     6.66,    25.25,    63.92,    0.000,     0.00,     1.49
EVT  20080515, 015428.278516,    5.419,    6.786,     7.40,    43.20,   148.77,    0.000,     0.00,     2.65
EVT  20080517, 183439.091959,    1.311,    9.192,    12.10,    24.79,   305.94,    0.000,     0.00,     2.67
EVT  20080511, 182451.949712,   -2.992,  -16.345,    15.92,    36.46,   237.41,    0.000,     0.00,     5.02
EVT  20080513, 194533.579539,    8.601,    1.229,     5.11,    30.01,   231.85,    0.000,     0.00,     1.21
EVT  20080513, 081505.075956,   -9.641,   -0.148,    15.11,    23.14,   214.51,    0.000,     0.00,     3.62
EVT  20080517, 101020.385928,    5.325,    0.836,    12.37,    32.20,   173.61,    0.000,     0.00,     3.13
EVT  20080515, 152413.386239,   -5.322,   -7.684,    15.53,    16.90,   253.03,    0.000,     0.00,     3.44
EVT  20080515, 135902.170624,  -11.105,   -9.895,    20.66,    14.33,   291.21,    0.000,     0.00,     4.85
EVT  20080516, 224353.900181,   -6.160,   -7.945,    15.18,    15.45,    52.69,    0.000,     0.00,     3.17
EVT  20080516, 104840.978740,   -2.562,   -0.051,    13.27,    44.76,   305.55,    0.000,     0.00,     5.88
EVT  20080511, 190940.354076,   -7.299,  -10.254,    13.54,    32.78,    18.24,    0.000,     0.00,     3.67
EVT  20080512, 163408.053651,    4.545,   -0.189,     8.80,    30.90,     1.37,    0.000,     0.00,     1.94
EVT  20080513, 140606.952693,   -1.624,   -8.857,    54.01,    23.10,   340.99,    0.000,     0.00,    15.73
EVT  20080515, 050400.126823,   -9.970,   -0.780,    10.52,    27.58,   178.04,    0.000,     0.00,     2.35
EVT  20080516, 131549.804054,   10.346,   -8.789,     8.07,    30.96,   240.80,    0.000,     0.00,     1.84
EVT  20080512, 033302.454906,   -3.690,  -10.354,     6.52,    43.44,   343.68,    0.000,     0.00,     2.28
EVT  20080512, 113246.949083,   -8.831,  -10.211,    12.05,    35.27,   106.42,    0.000,     0.00,     3.30
EVT  20080513, 115844.253995,   10.327,   -5.916,     6.12,    32.17,   151.84,    0.000,     0.00,     1.42
EVT  20080515, 120428.735551,  -11.040,   -1.974,    10.67,    31.24,   112.22,    0.000,     0.00,     2.57
EVT  20080511, 035113.703169,   -6.286,  -15.113,    13.13,    25.82,   284.18,    0.000,     0.00,     3.02
EVT  20080512, 082425.896839,   -6.445,  -10.382,     8.91,    33.53,   154.27,    0.000,     0.00,     2.16
EVT  20080517, 232524.437530,   -9.818,  -13.254,    21.80,    18.99,   296.12,    0.000,     0.00,     5.53
EVT  20080515, 043537.497470,    9.068,   -7.372,    48.99,    37.20,   294.22,    0.000,     0.00,    17.19
EVT  20080511, 223526.702127,    5.159,   -7.030,     9.22,    20.20,   359.91,    0.000,     0.00,     1.90
EVT  20080515, 061238.592312,    7.228,   -4.096,    11.83,    30.41,   317.43,    0.000,     0.00,     2.81
EVT  20080511, 105105.611901,   11.098,   -3.728,    10.15,    30.44,   256.36,    0.000,     0.00,     2.30
EVT  20080511, 124345.629525,    5.666,   -4.857,    11.58,    33.94,   171.50,    0.000,     0.00,     2.98
EVT  20080512, 103023.376382,    4.571,   10.936,    61.19,    38.61,    59.47,    0.000,     0.00,    22.65
EVT  20080514, 021659.289255,    1.066,    6.308,     7.35,    35.45,   122.06,    0.000,     0.00,     1.85
EVT  20080516, 164812.532741,    9.663,   -1.619,     8.87,    29.97,   161.96,    0.000,     0.00,     1.96
EVT  20080516, 222756.402499,    6.349,  -16.867,    74.69,    38.90,   218.28,    0.000,     0.00,    28.21
EVT  20080517, 065031.961386,    3.903,   -4.840,     9.86,    32.81,   121.82,    0.000,     0.00,     2.43
EVT  20080514, 224317.697397,   10.715,   -4.691,    18.29,    21.96,     8.79,    0.000,     0.00,     4.49
EVT  20080511, 062027.837099,    8.698,   -9.417,     3.94,    38.71,   296.74,    0.000,     0.00,     1.13
EVT  20080511, 062152.927308,   -2.058,   -8.440,     7.04,    29.07,   163.86,    0.000,     0.00,     1.50
EVT  20080511, 132749.026697,   12.062,   -1.621,     8.10,    43.20,    56.42,    0.000,     0.00,     2.96
EVT  20080512, 120735.043553,  -11.220,   -3.029,     9.05,    37.06,   308.04,    0.000,     0.00,     2.47
EVT  20080515, 025304.766023,    9.710,   -2.452,    10.03,    29.28,   335.99,    0.000,     0.00,     2.27
EVT  20080516, 212648.336628,   10.612,  -11.259,    17.01,    21.88,   265.10,    0.000,     0.00,     4.07
EVT  20080511, 075448.979067,   -7.962,   -6.499,     9.97,    27.61,    63.01,    0.000,     0.00,     2.20
EVT  20080512, 194559.716367,   -0.387,    9.726,    15.75,    24.97,   202.76,    0.000,     0.00,     3.83
EVT  20080512, 123954.413355,   -4.190,   -9.314,     6.43,    39.52,    23.38,    0.000,     0.00,     1.81
EVT  20080515, 114532.798035,    2.486,   -8.395,     8.55,    12.19,   298.74,    0.000,     0.00,     1.76
EVT  20080516, 214608.105462,    9.639,   -1.523,    43.50,    10.35,    95.95,    0.000,     0.00,    12.15
EVT  20080511, 111407.097408,    6.429,    1.343,    11.66,    44.77,   130.37,    0.000,     0.00,     5.02
EVT  20080517, 114430.525941,    8.683,   -1.305,    20.50,    39.77,   112.90,    0.000,     0.00,     7.62
EVT  20080514, 070507.906614,    7.912,  -10.530,     6.24,    44.14,   337.44,    0.000,     0.00,     2.28
EVT  20080515, 153857.890427,    4.614,   -9.061,    13.40,    25.55,    55.68,    0.000,     0.00,     3.10
EVT  20080516, 104159.846171,    7.976,   -3.386,     9.36,    34.87,   187.59,    0.000,     0.00,     2.37
EVT  20080511, 153232.939038,   -8.340,   -5.103,     8.08,    35.04,   186.58,    0.000,     0.00,     1.99
EVT  20080512, 174347.426233,   -5.397,   -1.784,    11.07,    24.08,   268.63,    0.000,     0.00,     2.37
EVT  20080513, 075755.596778,    2.360,   11.404,     8.22,    35.84,   271.01,    0.000,     0.00,     2.11
EVT  20080514, 074245.440734,   -3.116,    6.008,    12.90,    33.04,   216.23,    0.000,     0.00,     3.44
EVT  20080514, 081725.576912,    5.839,   -7.904,    16.21,    27.35,   208.87,    0.000,     0.00,     4.24
EVT  20080517, 205947.849559,   -4.114,   -0.416,     7.65,    36.01,   310.71,    0.000,     0.00,     1.94
EVT  20080516, 191657.842075,    5.990,    5.542,     8.64,    32.18,   165.15,    0.000,     0.00,     1.98
EVT  20080516, 204347.703875,    5.904,   -9.917,    16.25,    32.19,   286.80,    0.000,     0.00,     4.53
EVT  20080511, 142022.821226,   -2.733,   -6.530,     7.78,    37.93,   213.32,    0.000,     0.00,     2.06
EVT  20080515, 111023.604027,    3.674,    8.328,     7.54,    40.68,    16.66,    0.000,     0.00,     2.29
EVT  20080516, 172449.082754,   11.145,  -10.991,    16.35,    35.24,   289.93,    0.000,     0.00,     4.96
EVT  20080511, 175454.673377,   -8.341,   -3.171,    14.78,    23.79,    73.51,    0.000,     0.00,     3.51
EVT  20080516, 133900.535354,   -8.819,   -7.439,    13.87,    23.53,   219.96,    0.000,     0.00,     3.22
EVT  20080517, 021548.209270,   -2.122,   -9.618,     4.49,    27.02,    78.84,    0.000,     0.00,     1.08
EVT  20080511, 193229.024784,    2.686,   10.589,     5.63,    34.41,   282.06,    0.000,     0.00,     1.41
EVT  20080515, 024158.187022,  -11.377,   -4.120,    23.32,    14.15,   117.31,    0.000,     0.00,     5.77
EVT  20080511, 014944.129984,    5.383,   -6.665,    23.97,    42.14,   247.69,    0.000,     0.00,     9.43
EVT  20080514, 131215.489643,    6.741,    0.127,    19.43,    16.16,   173.50,    0.000,     0.00,     4.44
EVT  20080515, 120634.426630,    5.490,  -12.770,     9.63,    34.94,    31.89,    0.000,     0.00,     2.46
EVT  20080515, 145528.194433,   -2.866,   -7.278,     9.24,    34.17,   266.88,    0.000,     0.00,     2.33
EVT  20080515, 172148.122310,   -3.803,   -0.022,    20.35,    18.39,    41.57,    0.000,     0.00,     5.03
EVT  20080516, 012312.435411,  -11.581,   -3.041,    50.92,     8.24,   309.64,    0.000,     0.00,    14.44
EVT  20080514, 012004.369975,    2.491,   -2.802,    18.63,    23.36,   302.50,    0.000,     0.00,     4.79
EVT  20080515, 073257.859664,   -7.497,   -6.684,    15.88,    29.49,   101.52,    0.000,     0.00,     4.21
EVT  20080516, 085255.183353,    2.745,    7.614,    15.61,     9.35,   319.61,    0.000,     0.00,     3.17
EVT  20080517, 131346.668801,   -8.484,  -10.274,     8.51,    23.33,    94.19,    0.000,     0.00,     1.75
EVT  20080517, 105723.188315,    6.550,   -4.838,    19.10,    25.17,   351.54,    0.000,     0.00,     5.05
EVT  20080512, 110830.533760,   -7.961,   -5.900,    11.81,    42.78,   299.56,    0.000,     0.00,     4.44
EVT  20080515, 035817.936673,   -3.475,   -3.360,    41.59,    20.33,   206.55,    0.000,     0.00,    11.65
EVT  20080516, 163132.955687,    3.688,  -11.297,     9.70,    41.28,     8.62,    0.000,     0.00,     3.31
EVT  20080513, 024221.337085,   11.151,   -0.838,    19.82,    32.01,    98.54,    0.000,     0.00,     5.82
EVT  20080514, 154225.983604,    0.581,    6.087,     5.72,    19.02,   137.19,    0.000,     0.00,     1.32
EVT  20080514, 024236.897601,  -10.540,   -4.702,     6.14,    40.10,    78.07,    0.000,     0.00,     1.73
EVT  20080516, 054410.723606,    8.140,   -9.199,    10.81,    36.53,   164.44,    0.000,     0.00,     3.00
EVT  20080517, 231044.186964,    3.154,   10.077,     8.90,    39.82,   120.69,    0.000,     0.00,     2.63
EVT  20080515, 092314.222704,    5.954,   -8.024,    15.33,    37.21,   217.91,    0.000,     0.00,     5.00
EVT  20080516, 214920.567422,   -8.779,  -14.921,     9.83,    39.37,   141.31,    0.000,     0.00,     3.00
EVT  20080512, 075629.867848,   10.559,   -6.339,    13.62,    39.10,    40.27,    0.000,     0.00,     4.47
EVT  20080517, 232835.123346,   -3.230,   -8.095,    44.57,    39.12,   351.70,    0.000,     0.00,    15.98
EVT  20080511, 212134.888202,   -2.583,   -5.061,    12.65,    14.71,   117.72,    0.000,     0.00,     2.55
EVT  20080517, 042333.596216,   -8.511,   -9.152,     5.41,    42.61,   331.18,    0.000,     0.00,     1.80
EVT  20080511, 075944.170034,    7.490,   12.149,     5.99,    22.31,   355.26,    0.000,     0.00,     1.32
EVT  20080513, 105443.452672,   -4.759,   -1.821,    12.72,    35.95,   348.11,    0.000,     0.00,     3.74
EVT  20080515, 014313.502405,    3.292,   -0.897,     5.75,    42.09,   338.70,    0.000,     0.00,     1.78
EVT  20080516, 064641.166595,    6.458,    6.411,     7.38,    30.23,    79.12,    0.000,     0.00,     1.62
EVT  20080511, 124035.123660,    6.417,   -5.557,     4.51,    44.05,    79.41,    0.000,     0.00,     1.51
EVT  20080511, 073846.217974,   -0.559,    8.206,    11.08,    43.97,   199.60,    0.000,     0.00,     4.39
EVT  20080512, 005531.743785,    9.861,    1.300,     6.89,    34.04,     7.30,    0.000,     0.00,     1.66
EVT  20080512, 171605.698144,    4.754,  -14.899,    10.27,    36.15,   300.59,    0.000,     0.00,     2.80
EVT  20080514, 061311.372650,   -9.197,   -3.439,     5.03,    19.93,    60.31,    0.000,     0.00,     1.14
EVT  20080516, 071605.049468,   -3.412,   -9.700,     9.85,    35.54,   255.54,    0.000,     0.00,     2.65
EVT  20080516, 034606.938977,    9.067,   -6.365,    33.66,    16.73,   128.80,    0.000,     0.00,     9.28
EVT  20080514, 003137.162396,    6.230,  -12.026,     3.64,    40.15,   334.47,    0.000,     0.00,     1.13
EVT  20080515, 080647.282809,    3.703,    1.502,    12.80,    39.27,    16.77,    0.000,     0.00,     4.34
EVT  20080512, 154433.072376,   -1.739,  -13.538,    14.64,    32.55,    51.13,    0.000,     0.00,     3.94
EVT  20080511, 103936.903950,   -2.283,    1.282,     4.37,    32.83,   353.61,    0.000,     0.00,     1.14
EVT  20080511, 085204.851087,   -2.195,  -15.768,    12.13,    32.66,    70.30,    0.000,     0.00,     3.17
EVT  20080517, 095933.631355,    7.124,   10.362,    13.52,    23.99,   328.63,    0.000,     0.00,     3.11
EVT  20080511, 204614.530853,  -11.086,   -8.603,    32.87,    24.40,   304.43,    0.000,     0.00,     9.11
EVT  20080513, 193322.786136,    8.429,   -5.588,     4.35,    44.02,    94.13,    0.000,     0.00,     1.46
EVT  20080514, 044249.792423,   -0.319,    5.520,    10.08,    37.44,   235.27,    0.000,     0.00,     2.84
EVT  20080515, 014800.030066,    8.804,    6.556,     9.93,    37.23,   246.84,    0.000,     0.00,     2.79
EVT  20080511, 012946.597749,    6.845,   -5.543,    20.00,    27.96,   131.57,    0.000,     0.00,     5.55
EVT  20080513, 183936.399294,   -8.104,   -2.334,     6.82,     3.76,   277.59,    0.000,     0.00,     1.49
EVT  20080517, 181300.215730,    5.092,   10.994,     6.70,    22.70,   303.62,    0.000,     0.00,     1.40
EVT  20080511, 101247.408819,   -0.799,    5.971,     3.48,    42.68,   196.29,    0.000,     0.00,     1.12
EVT  20080511, 184325.829726,    8.021,   -9.978,     9.88,    30.51,   186.80,    0.000,     0.00,     2.23
EVT  20080513, 025517.113818,   -7.180,   -2.823,    23.74,    16.21,   160.02,    0.000,     0.00,     5.92
EVT  20080517, 100607.151129,    6.241,  -13.091,     4.12,    33.94,   103.93,    0.000,     0.00,     1.08
EVT  20080511, 103504.023869,    6.283,    6.956,    11.11,    20.97,   251.07,    0.000,     0.00,     2.33
EVT  20080512, 052450.882651,   -5.345,   -9.989,    12.46,    40.78,   188.81,    0.000,     0.00,     4.34
EVT  20080514, 183842.954425,  -11.850,   -4.406,    21.17,    40.34,    40.08,    0.000,     0.00,     8.04
EVT  20080514, 070837.052314,    8.508,   -8.895,    19.02,    40.97,   336.07,    0.000,     0.00,     7.19
EVT  20080515, 091952.266012,   -2.216,  -16.657,     4.78,    35.77,   268.27,    0.000,     0.00,     1.24
EVT  20080515, 104210.548013,    9.852,   -0.023,     5.46,    34.75,   265.94,    0.000,     0.00,     1.38
EVT  20080515, 113007.257365,    7.450,   -8.735,    14.32,    42.69,    69.53,    0.000,     0.00,     5.61
EVT  20080515, 091848.476512,    1.981,    9.313,    13.17,    15.92,   237.84,    0.000,     0.00,     2.67
EVT  20080516, 012247.815838,    6.568,   -9.491,     7.47,    42.07,   132.73,    0.000,     0.00,     2.40
EVT  20080511, 091617.705612,   -1.976,   -8.396,     9.45,    36.09,   131.01,    0.000,     0.00,     2.51
EVT  20080511, 051304.525240,    5.876,   -0.256,    36.97,    15.88,   195.47,    0.000,     0.00,    10.15
EVT  20080515, 180501.278464,  -10.775,   -9.295,    12.79,    37.14,   204.81,    0.000,     0.00,     3.93
EVT  20080516, 112617.000361,   -7.234,  -14.485,    10.92,    36.08,    87.88,    0.000,     0.00,     3.04
EVT  20080517, 094713.199793,    4.190,   -3.886,    25.83,    22.21,   163.48,    0.000,     0.00,     6.91
EVT  20080517, 021909.026347,   -5.082,   -2.240,    31.96,    17.51,   340.77,    0.000,     0.00,     8.77
EVT  20080512, 110502.648610,   -4.404,   -5.169,    13.65,    26.30,   225.10,    0.000,     0.00,     3.18
EVT  20080516, 112500.736439,    6.106,   -9.620,     6.22,    38.44,    45.33,    0.000,     0.00,     1.67
EVT  20080511, 214953.788927,   -3.803,    0.864,     9.85,    30.02,   275.49,    0.000,     0.00,     2.22
EVT  20080517, 022451.789222,   -4.985,  -11.245,    11.97,    33.31,   320.86,    0.000,     0.00,     3.11
EVT  20080513, 144033.440265,    3.442,   -0.121,    28.17,    44.17,    67.74,    0.000,     0.00,    12.97
EVT  20080515, 171750.731780,   -7.728,  -14.671,    23.66,    34.13,   221.93,    0.000,     0.00,     7.52
EVT  20080515, 082934.331389,   -5.743,  -11.851,     4.13,    37.86,   288.02,    0.000,     0.00,     1.17
EVT  20080516, 191616.374790,    5.191,    8.408,     6.40,    27.42,   330.36,    0.000,     0.00,     1.37
EVT  20080516, 211527.727839,    3.145,   -5.242,    44.39,    28.03,   181.69,    0.000,     0.00,    13.22
EVT  20080517, 100834.578706,    3.843,   -5.911,     6.25,    34.16,    63.68,    0.000,     0.00,     1.54
EVT  20080511, 040834.963787,   -5.123,   -5.442,    10.94,    27.92,    97.21,    0.000,     0.00,     2.47
EVT  20080512, 133927.323021,    2.840,   -8.466,    21.78,    26.94,   316.00,    0.000,     0.00,     5.98
EVT  20080516, 062644.209966,   -5.350,   -4.343,    17.24,    43.82,   304.06,    0.000,     0.00,     7.46
EVT  20080511, 100856.048380,   -4.821,   -4.026,    15.72,    25.76,   184.24,    0.000,     0.00,     3.87
EVT  20080511, 020714.820611,   -1.474,   -8.952,    16.56,    33.81,   332.63,    0.000,     0.00,     4.79
EVT  20080517, 110050.120525,   -2.666,   -8.466,    16.54,    37.93,    48.39,    0.000,     0.00,     5.49
EVT  20080512, 215954.799360,   -4.750,  -10.819,    16.97,    43.83,   171.28,    0.000,     0.00,     7.33
EVT  20080513, 170230.572902,    2.490,   -3.195,    16.57,    43.53,   165.01,    0.000,     0.00,     7.13
EVT  20080515, 195047.377041,    3.186,   -2.580,    20.28,    14.15,   106.18,    0.000,     0.00,     4.72
EVT  20080517, 064042.515813,    6.470,  -12.392,    25.42,    24.38,    77.84,    0.000,     0.00,     6.92
EVT  20080516, 103440.506095,    8.079,    7.803,    11.80,    23.82,   153.16,    0.000,     0.00,     2.58
EVT  20080514, 140120.653676,   11.138,   -1.232,     5.01,    34.07,    42.39,    0.000,     0.00,     1.29
EVT  20080514, 140136.746359,   -7.961,   -6.053,    20.18,    43.63,   214.82,    0.000,     0.00,     8.84
EVT  20080515, 232321.274220,   -1.465,  -15.055,    11.23,    31.23,   119.37,    0.000,     0.00,     2.74
EVT  20080512, 134641.799861,   -9.508,   -6.780,    33.69,    40.53,   163.46,    0.000,     0.00,    12.82
EVT  20080514, 150017.633499,    6.763,    6.908,    10.61,    27.72,   326.10,    0.000,     0.00,     2.38
EVT  20080515, 141725.475597,   -4.566,   -9.670,     3.53,    38.15,   159.42,    0.000,     0.00,     1.03
EVT  20080515, 182929.432603,   -0.219,   10.578,    11.55,    25.60,   268.66,    0.000,     0.00,     2.56
EVT  20080511, 203946.176546,   -9.287,   -0.109,     6.62,    33.45,    20.92,    0.000,     0.00,     1.61
EVT  20080514, 055525.745819,    3.842,   12.067,     8.38,    18.62,   285.58,    0.000,     0.00,     1.73
EVT  20080514, 082835.638079,    5.113,  -15.157,     8.86,    21.85,   157.08,    0.000,     0.00,     1.83
EVT  20080511, 025735.932601,   -4.468,  -10.811,     7.71,    36.71,   243.34,    0.000,     0.00,     1.95
EVT  20080514, 084226.116959,    6.568,  -15.445,    13.97,    27.35,   134.73,    0.000,     0.00,     3.46
EVT  20080515, 075434.961154,    5.484,   -2.623,     6.61,    37.86,   170.82,    0.000,     0.00,     1.73
EVT  20080515, 040903.858555,    4.930,   11.690,    19.74,    27.17,   166.93,    0.000,     0.00,     5.27
EVT  20080516, 181709.629279,    3.781,    8.977,     8.57,    42.77,    88.03,    0.000,     0.00,     3.02
EVT  20080511, 221854.924485,    3.888,   12.189,     9.45,     7.51,   273.03,    0.000,     0.00,     1.88
EVT  20080514, 035314.329560,    2.601,   -5.752,     5.06,    42.03,   253.05,    0.000,     0.00,     1.55
EVT  20080514, 004356.085157,    3.075,   -6.420,    12.91,    43.17,   112.11,    0.000,     0.00,     5.31
EVT  20080511, 203109.622536,    3.699,    0.906,    14.13,    28.58,   156.20,    0.000,     0.00,     3.51
EVT  20080513, 063649.202486,    6.731,    1.118,    23.43,    20.39,   107.56,    0.000,     0.00,     6.17
EVT  20080511, 184625.209748,   -4.340,   -8.399,     3.48,    40.17,    72.01,    0.000,     0.00,     1.08
EVT  20080512, 153504.613259,    3.180,   -9.593,     6.92,    41.93,   217.55,    0.000,     0.00,     2.20
EVT  20080514, 114932.372617,    4.858,    8.559,    10.05,    43.68,    52.99,    0.000,     0.00,     3.88
EVT  20080515, 113653.792653,   -2.314,   -7.930,    16.40,     9.73,    43.02,    0.000,     0.00,     3.39
EVT  20080515, 184445.519612,  -11.746,   -7.639,    22.65,    41.20,   160.66,    0.000,     0.00,     8.59
EVT  20080513, 102217.290837,    3.765,   -1.194,     5.81,     9.10,   308.23,    0.000,     0.00,     1.32
EVT  20080513, 115656.678813,   -5.294,   -8.600,     9.34,    32.03,   204.69,    0.000,     0.00,     2.17
EVT  20080514, 122647.780765,   -9.532,  -13.590,     6.27,    44.80,    66.11,    0.000,     0.00,     2.30
EVT  20080514, 032731.607091,   10.592,   -8.048,     7.74,    43.90,    88.70,    0.000,     0.00,     2.80
EVT  20080516, 030455.293659,    3.077,    5.589,     5.29,    42.75,   333.75,    0.000,     0.00,     1.76
EVT  20080516, 231954.093778,   -1.558,   -5.244,    18.64,    19.04,   181.94,    0.000,     0.00,     4.45
EVT  20080517, 093647.766258,   -8.168,  -15.801,    16.41,    40.05,   123.60,    0.000,     0.00,     6.00
EVT  20080511, 173833.606071,  -10.087,  -11.048,    14.05,    23.29,   136.71,    0.000,     0.00,     3.27
EVT  20080511, 083603.045162,    6.021,   12.086,     5.55,    32.13,    34.53,    0.000,     0.00,     1.30
EVT  20080511, 061954.166265,    9.520,    1.673,     8.82,    36.94,   106.05,    0.000,     0.00,     2.39
EVT  20080511, 063444.872096,  -10.892,   -8.780,    18.04,    19.02,   141.97,    0.000,     0.00,     4.25
EVT  20080513, 100433.947807,   -3.718,  -12.016,    13.20,    35.51,   266.44,    0.000,     0.00,     3.94
EVT  20080513, 044829.154974,    5.289,  -16.948,    46.73,    23.62,    86.83,    0.000,     0.00,    13.41
EVT  20080515, 000451.821372,    5.905,   11.557,     9.87,    33.99,   100.42,    0.000,     0.00,     2.43
EVT  20080516, 010009.881710,   -7.147,   -4.270,    10.32,    39.63,   315.51,    0.000,     0.00,     3.21
EVT  20080517, 074438.744202,   -5.736,   -8.273,     7.89,    34.27,   289.92,    0.000,     0.00,     1.94
EVT  20080517, 014015.031170,   -6.252,   -3.274,     6.86,    36.90,   217.68,    0.000,     0.00,     1.79
EVT  20080517, 130241.716896,    4.323,  -12.813,     8.99,    22.52,   208.32,    0.000,     0.00,     1.85
EVT  20080517, 024131.112936,    2.934,  -13.437,    20.12,    36.42,   215.60,    0.000,     0.00,     6.58
EVT  20080511, 100215.673006,    6.309,    0.172,     4.62,    28.45,   136.86,    0.000,     0.00,     1.04
EVT  20080514, 190811.493297,   -0.297,    5.472,     9.06,    34.81,    94.87,    0.000,     0.00,     2.28
EVT  20080514, 102040.486197,    9.589,    1.893,    15.33,    27.30,    93.47,    0.000,     0.00,     3.93
EVT  20080515, 230932.662677,    3.377,   10.527,     8.76,    36.92,   267.91,    0.000,     0.00,     2.37
EVT  20080515, 085258.357325,    3.549,  -15.613,     5.36,    38.56,   150.47,    0.000,     0.00,     1.46
EVT  20080511, 164425.216685,  -11.760,   -7.323,     8.07,    33.83,   303.28,    0.000,     0.00,     1.94
EVT  20080515, 073111.266863,   -7.171,   -8.959,    17.44,    35.95,   121.00,    0.000,     0.00,     5.61
EVT  20080516, 051733.585780,   -7.259,   -5.083,    14.93,    20.88,    84.81,    0.000,     0.00,     3.41
EVT  20080517, 072135.381472,   -0.870,    7.316,     6.33,    14.24,   244.44,    0.000,     0.00,     1.38
EVT  20080511, 020957.349222,    3.726,   -9.581,     9.45,    35.62,   176.06,    0.000,     0.00,     2.51
EVT  20080512, 092603.890771,   -2.531,  -12.720,    12.51,    21.41,   126.47,    0.000,     0.00,     2.69
EVT  20080513, 080254.069768,   -5.705,  -10.693,     7.22,    34.76,   166.72,    0.000,     0.00,     1.77
EVT  20080516, 021913.701671,   -6.237,  -11.306,    10.23,    22.67,   137.53,    0.000,     0.00,     2.12
EVT  20080511, 114624.564801,    5.166,   -8.426,    36.52,    41.15,   286.11,    0.000,     0.00,    13.99
EVT  20080513, 131631.432386,   -9.944,  -12.497,     8.36,    40.91,   179.50,    0.000,     0.00,     2.60
EVT  20080514, 212701.383196,    9.780,    0.920,     7.47,    40.26,    96.41,    0.000,     0.00,     2.27
EVT  20080516, 232444.506697,    9.249,   -2.742,     8.55,    41.56,   134.28,    0.000,     0.00,     2.83
EVT  20080517, 120757.613666,  -11.076,  -12.250,     6.53,    38.49,   220.85,    0.000,     0.00,     1.76
EVT  20080512, 091440.557688,    1.260,    6.395,    10.08,    28.35,     4.11,    0.000,     0.00,     2.23
EVT  20080515, 165941.240060,   -2.160,  -16.771,     8.95,    29.58,    50.08,    0.000,     0.00,     1.98
EVT  20080517, 084121.899197,   -5.670,    1.021,     6.13,    44.42,    72.67,    0.000,     0.00,     2.24
EVT  20080511, 004700.201102,    5.420,   -4.921,     5.23,    43.10,   162.70,    0.000,     0.00,     1.74
EVT  20080516, 074731.176192,    2.301,    9.277,     7.79,    42.73,   359.79,    0.000,     0.00,     2.70
EVT  20080511, 154631.806067,   -4.370,  -10.207,    52.41,    30.12,    80.12,    0.000,     0.00,    16.17
EVT  20080514, 150956.912785,    9.371,   -5.365,     7.25,    38.14,   132.00,    0.000,     0.00,     1.96
EVT  20080515, 232018.474965,   -1.990,   -9.479,    10.43,    33.14,   206.91,    0.000,     0.00,     2.60
EVT  20080511, 060415.503422,   10.521,   -6.365,    13.96,    36.63,   148.59,    0.000,     0.00,     4.24
EVT  20080511, 115511.702518,    9.670,    0.604,     7.84,    39.57,   302.15,    0.000,     0.00,     2.24
EVT  20080516, 141916.749819,    4.799,  -11.299,     8.01,    42.49,     8.50,    0.000,     0.00,     2.79
EVT  20080515, 110822.518813,    8.619,  -13.013,     4.40,    31.16,    49.61,    0.000,     0.00,     1.07
EVT  20080511, 121015.804562,    3.145,   -4.079,    21.65,    13.17,    59.40,    0.000,     0.00,     5.19
EVT  20080511, 071615.073802,    5.063,  -14.267,    11.60,    32.34,    30.92,    0.000,     0.00,     2.87
EVT  20080511, 150621.353075,    7.644,    8.166,    27.07,    37.51,   338.00,    0.000,     0.00,     9.10
EVT  20080513, 204229.408226,    5.039,   -5.130,    17.01,    44.71,    28.90,    0.000,     0.00,     7.82
EVT  20080512, 164916.193807,    2.323,  -11.549,    10.85,    29.28,    70.90,    0.000,     0.00,     2.50
EVT  20080516, 003750.514328,   -1.486,   -7.495,     9.34,    44.64,    79.46,    0.000,     0.00,     3.79
EVT  20080517, 053114.496116,   -9.813,   -9.370,     7.31,    41.98,   162.21,    0.000,     0.00,     2.35
EVT  20080517, 012400.995232,    3.172,    8.164,     7.67,    44.72,   115.43,    0.000,     0.00,     2.95
EVT  20080511, 104647.970715,    5.967,   10.288,    16.95,    20.72,   295.42,    0.000,     0.00,     4.05
EVT  20080513, 154728.922223,    6.381,   -7.921,   188.56,    24.30,   217.52,    0.000,     0.00,    62.14
EVT  20080514, 101607.372712,  -11.694,   -4.362,     5.79,     5.56,    23.36,    0.000,     0.00,     1.31
EVT  20080514, 143817.036728,    9.985,  -10.733,    13.62,    21.38,    62.24,    0.000,     0.00,     3.01
EVT  20080516, 113201.422675,    4.287,  -13.905,     7.15,    44.25,   324.48,    0.000,     0.00,     2.70
EVT  20080517, 031553.893631,    1.870,    9.952,     6.61,    39.34,     6.38,    0.000,     0.00,     1.86
EVT  20080517, 094301.543705,  -11.562,   -2.823,     5.50,    40.02,   103.27,    0.000,     0.00,     1.57
EVT  20080511, 031953.614186,    2.661,  -12.902,     8.01,    33.03,   199.49,    0.000,     0.00,     1.92
EVT  20080513, 111021.806847,   -4.259,   -6.139,    20.38,    21.82,   330.13,    0.000,     0.00,     5.18
EVT  20080515, 084519.045756,   -3.276,   -9.688,    29.13,    17.25,   341.24,    0.000,     0.00,     7.92
EVT  20080516, 041517.444370,    6.833,    6.304,    12.80,    24.50,     4.04,    0.000,     0.00,     2.88
EVT  20080511, 203715.492725,  -11.025,  -12.541,    11.55,    37.65,   302.71,    0.000,     0.00,     3.42
EVT  20080513, 072230.619812,   -2.615,  -12.738,     9.49,    41.18,   131.27,    0.000,     0.00,     3.05
EVT  20080516, 221134.331930,   -8.746,   -3.089,     9.49,    38.57,   310.25,    0.000,     0.00,     2.74
EVT  20080517, 023855.494396,    3.724,    9.429,    26.00,    16.25,   273.70,    0.000,     0.00,     6.72
EVT  20080512, 234242.996976,  -11.315,   -8.832,    15.61,    27.63,    70.50,    0.000,     0.00,     4.03
EVT  20080513, 092445.580077,   -1.681,   -7.817,    13.20,    26.85,    57.76,    0.000,     0.00,     3.04
EVT  20080513, 142938.456228,    8.453,  -10.365,     8.43,    37.84,   319.43,    0.000,     0.00,     2.26
EVT  20080517, 215343.080634,    4.638,  -12.064,    20.88,    35.76,     6.36,    0.000,     0.00,     6.84
EVT  20080514, 092718.630770,    3.736,  -15.577,     4.48,    39.81,   304.43,    0.000,     0.00,     1.33
EVT  20080515, 213239.784758,    6.566,    6.395,     5.51,    43.01,   239.55,    0.000,     0.00,     1.84
EVT  20080516, 214419.911054,   -5.302,   -9.820,    18.24,    33.92,    92.64,    0.000,     0.00,     5.41
EVT  20080517, 025236.547662,    5.154,   -3.957,    18.10,    19.46,   109.41,    0.000,     0.00,     4.27
EVT  20080511, 195428.845416,    0.398,   10.818,     5.81,    42.77,   109.36,    0.000,     0.00,     1.95
EVT  20080511, 195344.001809,   -5.282,  -12.167,    11.13,    42.65,    49.07,    0.000,     0.00,     4.14
EVT  20080511, 130951.011349,    9.844,    1.848,    13.70,    25.52,   243.44,    0.000,     0.00,     3.20
EVT  20080512, 141533.182576,    7.924,    9.923,    18.92,    14.32,   136.25,    0.000,     0.00,     4.28
EVT  20080514, 193250.166725,   -5.141,  -14.913,     9.53,    42.54,    98.01,    0.000,     0.00,     3.43
EVT  20080514, 031309.081643,    3.325,   -2.594,     5.52,    41.85,   103.04,    0.000,     0.00,     1.70
EVT  20080515, 221839.541270,   -3.817,   -4.010,     7.28,    43.81,    50.37,    0.000,     0.00,     2.60
EVT  20080516, 061124.777632,   -5.603,    1.211,    49.76,    24.17,   106.60,    0.000,     0.00,    14.37
EVT  20080517, 050700.754524,   -8.259,    0.030,     4.29,    32.19,   278.13,    0.000,     0.00,     1.05
EVT  20080511, 083517.405372,  -10.087,   -9.100,    18.82,    30.68,   264.12,    0.000,     0.00,     5.26
EVT  20080513, 215609.993274,    5.242,    9.548,    31.49,    44.41,   246.67,    0.000,     0.00,    14.55
EVT  20080513, 063343.325386,    2.868,   -9.821,    25.89,    28.21,   113.78,    0.000,     0.00,     7.39
EVT  20080514, 131829.589551,   -5.386,  -11.212,    28.25,    29.60,   177.37,    0.000,     0.00,     8.28
EVT  20080515, 223136.811739,   -3.033,  -12.489,    13.46,    31.42,    85.66,    0.000,     0.00,     3.51
EVT  20080516, 062500.300199,    4.308,  -11.096,    12.13,    35.63,   174.16,    0.000,     0.00,     3.51
EVT  20080515, 020241.393093,    2.487,    8.759,     8.53,    38.97,   210.00,    0.000,     0.00,     2.38
EVT  20080512, 075249.069853,    6.561,   -5.897,     8.59,    31.13,   211.82,    0.000,     0.00,     1.97
EVT  20080512, 004100.033536,   -1.930,   -4.407,    69.85,    17.14,    23.54,    0.000,     0.00,    20.51
EVT  20080512, 214006.936477,    5.079,   12.197,     4.52,    40.09,   347.44,    0.000,     0.00,     1.34
EVT  20080516, 082406.130528,    5.533,   -2.559,    17.28,    21.72,   158.05,    0.000,     0.00,     4.16
EVT  20080517, 134644.965311,   -9.787,   -3.268,    15.31,    43.21,    52.35,    0.000,     0.00,     6.51
EVT  20080513, 112954.202526,    4.685,  -16.959,    25.01,    26.56,   231.88,    0.000,     0.00,     7.06
EVT  20080514, 075021.509402,   -6.962,   -7.124,     4.84,    28.91,    23.70,    0.000,     0.00,     1.09
EVT  20080515, 091818.040886,   -2.075,   -6.936,     5.18,    41.55,   218.05,    0.000,     0.00,     1.59
EVT  20080517, 035143.521415,   11.131,   -0.121,     5.94,    27.59,   242.63,    0.000,     0.00,     1.29
EVT  20080513, 080710.316433,    7.112,   11.644,    10.18,    44.72,   298.39,    0.000,     0.00,     4.23
EVT  20080515, 155546.676121,    4.331,   -8.641,    12.92,    23.01,   156.41,    0.000,     0.00,     2.92
EVT  20080514, 110355.366064,   -2.511,    0.062,    22.72,    25.20,   149.74,    0.000,     0.00,     6.30
EVT  20080516, 230614.626632,   -3.972,  -16.504,    18.06,    36.57,    44.15,    0.000,     0.00,     5.84
EVT  20080511, 013709.385894,   -8.289,   -6.387,    24.63,    40.26,   182.48,    0.000,     0.00,     9.32
EVT  20080516, 150357.390316,  -11.382,   -4.188,     7.02,    36.69,    22.83,    0.000,     0.00,     1.76
EVT  20080517, 145157.938221,   -9.777,   -3.816,     9.47,    30.45,   294.02,    0.000,     0.00,     2.12
EVT  20080517, 214040.342214,    2.862,   -7.923,    23.23,    39.69,   311.49,    0.000,     0.00,     8.54
EVT  20080511, 181336.514306,   -6.021,   -5.323,    13.30,    27.68,    81.28,    0.000,     0.00,     3.23
EVT  20080511, 215931.205627,    6.030,   10.341,    10.22,    43.81,   261.26,    0.000,     0.00,     3.96
EVT  20080517, 085523.419370,   -8.165,   -6.973,     5.26,    33.49,    68.81,    0.000,     0.00,     1.33
EVT  20080512, 185521.656491,   -7.809,   -6.395,    19.23,    40.71,   306.83,    0.000,     0.00,     7.27
EVT  20080517, 205617.280015,   -6.864,  -13.332,     5.18,    35.21,    69.19,    0.000,     0.00,     1.32
EVT  20080515, 151923.604190,   -8.671,    0.465,    19.63,    30.57,    45.54,    0.000,     0.00,     5.54
EVT  20080514, 225342.962358,    8.860,  -10.743,     6.27,     9.64,   166.87,    0.000,     0.00,     1.40
EVT  20080517, 113218.067751,    8.065,    8.276,     6.69,    41.84,   233.51,    0.000,     0.00,     2.11
EVT  20080512, 034404.479057,   11.313,   -3.088,     5.42,    37.89,   256.73,    0.000,     0.00,     1.44
