 20080511, 002953.896637,   11.689,   -0.527,    15.50,    27.46,    92.04,    0.000,     0.00,     3.99
 20080511, 003324.409567,    9.768,   -4.776,     5.58,    23.37,   146.08,    0.000,     0.00,     1.22
 20080511, 003826.775104,   -7.724,   -5.548,     8.70,    39.69,   198.98,    0.000,     0.00,     2.55
 20080511, 005706.241327,    9.786,   -9.606,     3.74,    36.13,    43.03,    0.000,     0.00,     1.01
 20080511, 010016.813559,    7.941,    6.555,    19.41,    14.00,   304.46,    0.000,     0.00,     4.43
 20080511, 010131.680929,   -3.659,    6.595,    19.27,    27.51,   120.19,    0.000,     0.00,     5.30
 20080511, 012034.598167,    2.390,    6.742,    10.25,    25.95,   171.94,    0.000,     0.00,     2.22
 20080511, 012040.797980,  -11.101,   -2.090,     7.60,    36.69,    81.76,    0.000,     0.00,     1.92
 20080511, 012241.115263,   12.693,   -6.188,    21.93,    41.23,   351.07,    0.000,     0.00,     8.32
 20080511, 014524.612561,   -2.672,  -16.033,     5.61,    44.33,   252.08,    0.000,     0.00,     2.01
 20080511, 021406.289321,   -1.641,  -11.674,    19.89,    41.27,   269.72,    0.000,     0.00,     7.78
 20080511, 021820.751287,   -3.935,    0.819,    11.95,    14.87,   325.22,    0.000,     0.00,     2.40
 20080511, 022447.187548,   10.916,   -8.005,    16.98,     4.61,   277.07,    0.000,     0.00,     3.55
 20080511, 023449.042952,    3.327,   -4.564,     5.60,    41.34,   348.79,    0.000,     0.00,     1.73
 20080511, 024144.571404,  -11.732,   -1.089,    29.59,     5.22,    65.97,    0.000,     0.00,     7.93
 20080511, 031351.116991,   -6.644,   -6.328,     8.81,    39.90,   336.29,    0.000,     0.00,     2.59
 20080511, 031825.439515,    4.480,    6.642,    24.46,    20.84,   244.39,    0.000,     0.00,     6.49
 20080511, 032325.892100,   -4.478,   -3.439,     7.01,    35.87,   214.34,    0.000,     0.00,     1.76
 20080511, 033009.896122,  -10.742,  -10.780,    19.21,    22.11,   345.24,    0.000,     0.00,     4.80
 20080511, 033625.056424,   -5.645,  -14.091,    35.38,    20.73,    55.74,    0.000,     0.00,     9.76
 20080511, 035315.738245,    4.217,   -1.340,    31.23,     5.45,   167.56,    0.000,     0.00,     8.45
 20080511, 040315.607695,   -9.248,   -1.193,     4.64,    35.98,   216.59,    0.000,     0.00,     1.21
 20080511, 041703.932637,   -1.217,    7.598,     9.49,    41.95,   131.57,    0.000,     0.00,     3.22
 20080511, 043134.322399,  -11.763,   -0.554,    15.62,    22.02,   246.61,    0.000,     0.00,     3.62
 20080511, 043830.515493,   -6.038,   -8.620,    15.73,    44.56,   207.35,    0.000,     0.00,     7.17
 20080511, 050216.808645,    9.797,    0.693,    14.93,    15.94,   252.64,    0.000,     0.00,     3.10
 20080511, 051307.512332,   -9.871,   -0.383,    27.44,     7.20,   197.09,    0.000,     0.00,     7.19
 20080511, 064725.835610,    5.533,   -5.592,    11.59,    31.64,    17.64,    0.000,     0.00,     2.86
 20080511, 070103.260939,   -3.602,  -11.500,    40.13,    35.00,   222.86,    0.000,     0.00,    13.01
 20080511, 070200.246035,    3.888,    6.155,     7.71,    27.80,   239.42,    0.000,     0.00,     1.64
 20080511, 071621.186426,  -11.739,  -10.001,     3.29,    40.73,    96.92,    0.000,     0.00,     1.01
 20080511, 074124.476432,  -10.265,   -8.306,    12.07,    15.91,   305.81,    0.000,     0.00,     2.42
 20080511, 080931.823200,   -3.448,   -4.520,    44.78,    25.68,   171.56,    0.000,     0.00,    13.31
 20080511, 082556.623471,    5.856,   -6.382,     7.49,    40.10,    76.11,    0.000,     0.00,     2.12
 20080511, 082910.900426,   11.133,   -1.513,    14.52,    21.46,   284.89,    0.000,     0.00,     3.28
 20080511, 083739.401201,    9.887,   -2.227,     3.71,    43.54,   325.98,    0.000,     0.00,     1.24
 20080511, 084815.864816,    6.081,   -1.882,    43.27,    32.52,   163.07,    0.000,     0.00,    13.49
 20080511, 085258.671200,   -8.473,  -15.179,    10.54,    29.01,    86.33,    0.000,     0.00,     2.36
 20080511, 090638.349590,    6.688,    6.517,    22.33,    21.63,   216.65,    0.000,     0.00,     5.82
 20080511, 093005.541370,    4.517,   11.716,    12.45,    25.78,   209.28,    0.000,     0.00,     2.82
 20080511, 093551.510050,    7.398,    6.843,    38.71,    40.88,    15.13,    0.000,     0.00,    14.90
 20080511, 094731.463004,    7.738,   -0.398,    19.85,    21.10,   271.04,    0.000,     0.00,     5.01
 20080511, 095812.138715,   -2.510,  -16.335,    14.33,    29.57,    93.39,    0.000,     0.00,     3.65
 20080511, 101614.243452,    3.133,  -15.289,    15.29,    25.48,   287.71,    0.000,     0.00,     3.72
 20080511, 103124.315792,   10.663,   -2.836,    14.87,    32.15,   199.24,    0.000,     0.00,     4.03
 20080511, 103247.230360,    4.510,  -10.486,     8.41,    39.71,   113.24,    0.000,     0.00,     2.44
 20080511, 105913.467453,    4.463,  -16.141,    12.72,    29.40,   227.43,    0.000,     0.00,     3.10
 20080511, 110157.702828,    6.244,  -12.180,     5.21,    33.75,   306.70,    0.000,     0.00,     1.32
 20080511, 110517.475082,    5.090,  -16.519,     5.98,    22.47,   165.49,    0.000,     0.00,     1.32
 20080511, 110924.236589,    6.309,   -8.188,     7.12,    36.28,   157.21,    0.000,     0.00,     1.79
 20080511, 111521.029928,   -7.730,   -0.818,    31.94,    40.60,   123.75,    0.000,     0.00,    12.09
 20080511, 112531.539154,    3.916,    0.025,     6.23,    36.73,   150.52,    0.000,     0.00,     1.56
 20080511, 115112.524155,   -9.182,   -5.865,     4.73,    33.93,   356.62,    0.000,     0.00,     1.22
 20080511, 115600.290268,    8.595,    8.711,    12.42,    35.69,   207.40,    0.000,     0.00,     3.62
 20080511, 121453.154732,    5.014,  -10.746,     3.59,    42.46,   185.27,    0.000,     0.00,     1.16
 20080511, 121753.058271,   -2.320,    7.210,    19.46,    40.86,   283.57,    0.000,     0.00,     7.36
 20080511, 122639.306868,    3.387,  -15.439,    11.05,    35.13,   129.37,    0.000,     0.00,     2.94
 20080511, 124109.274348,   11.334,   -2.121,     6.48,    37.49,   228.62,    0.000,     0.00,     1.69
 20080511, 125144.332266,   -7.520,  -16.223,    20.57,    23.13,   101.79,    0.000,     0.00,     5.43
 20080511, 130612.091074,   -4.088,   -2.059,    13.35,    31.38,   263.84,    0.000,     0.00,     3.47
 20080511, 131135.850534,  -11.195,   -5.324,     9.91,    34.98,   133.68,    0.000,     0.00,     2.55
 20080511, 132534.796495,    9.896,  -10.753,    14.37,    34.24,   268.88,    0.000,     0.00,     4.19
 20080511, 133515.485696,   -7.513,   -6.880,    22.76,    26.42,   120.23,    0.000,     0.00,     6.31
 20080511, 133527.174404,    8.255,   -0.774,     6.85,    43.59,   195.91,    0.000,     0.00,     2.42
 20080511, 133807.841949,    4.981,   -6.562,    15.29,    14.77,    15.84,    0.000,     0.00,     3.20
 20080511, 134747.052855,   -8.059,   -4.731,     6.34,    42.45,   355.07,    0.000,     0.00,     2.14
 20080511, 140008.472824,   -7.027,   -6.653,    42.25,    29.25,    59.90,    0.000,     0.00,    12.79
 20080511, 143330.394339,   -6.398,   -0.712,     7.08,    38.33,   264.60,    0.000,     0.00,     1.91
 20080511, 143747.967708,   -2.526,  -15.696,    22.26,    34.39,   152.34,    0.000,     0.00,     7.07
 20080511, 144744.975646,    2.776,   11.502,    74.07,    32.13,    50.23,    0.000,     0.00,    24.19
 20080511, 150543.589008,    5.971,    9.917,    42.23,    32.23,   313.06,    0.000,     0.00,    13.14
 20080511, 150657.163314,    7.033,    6.171,     7.62,    40.02,   294.81,    0.000,     0.00,     2.17
 20080511, 153132.932704,   -5.086,    0.460,    10.87,    36.48,    38.24,    0.000,     0.00,     3.02
 20080511, 154729.482031,    3.878,    9.106,    26.08,    21.77,   181.07,    0.000,     0.00,     6.98
 20080511, 161857.883419,  -10.083,    0.349,    14.36,    25.76,   237.37,    0.000,     0.00,     3.41
 20080511, 165628.798865,   -6.420,   -7.701,     9.13,    44.74,    44.70,    0.000,     0.00,     3.68
 20080511, 171400.883896,    4.654,    9.105,    15.01,    31.86,    37.61,    0.000,     0.00,     4.07
 20080511, 171710.075748,   10.867,   -5.506,    14.24,    37.10,    85.98,    0.000,     0.00,     4.54
 20080511, 181612.104810,    4.579,    8.747,    11.82,    27.30,   158.44,    0.000,     0.00,     2.75
 20080511, 181614.745474,   -7.959,   -9.445,    11.04,    26.33,   332.89,    0.000,     0.00,     2.42
 20080511, 182522.284320,    6.947,   -9.175,     9.52,    42.15,   298.64,    0.000,     0.00,     3.24
 20080511, 183835.374654,    2.140,    1.610,    12.18,    15.28,   118.47,    0.000,     0.00,     2.44
 20080511, 184122.276875,   -4.869,   -6.648,    21.60,    43.08,    36.00,    0.000,     0.00,     8.92
 20080511, 190006.626353,   -9.686,   -9.833,     8.11,    31.41,   358.46,    0.000,     0.00,     1.85
 20080511, 190956.997161,    6.805,    7.932,    25.75,    19.72,   283.87,    0.000,     0.00,     6.85
 20080511, 191346.234472,   10.778,    1.803,    12.21,    33.13,   105.42,    0.000,     0.00,     3.19
 20080511, 193857.726628,   -1.464,  -15.998,    13.02,    29.24,    26.49,    0.000,     0.00,     3.20
 20080511, 194332.885093,   -3.828,   -6.478,     9.24,    35.25,   325.39,    0.000,     0.00,     2.33
 20080511, 194645.694072,    5.659,   11.357,     7.76,    36.05,   187.55,    0.000,     0.00,     1.97
 20080511, 194757.469095,   -0.646,    5.742,    15.10,    15.59,   258.25,    0.000,     0.00,     3.15
 20080511, 194945.258348,   10.751,  -10.870,    18.13,    42.08,   340.37,    0.000,     0.00,     7.04
 20080511, 212218.235002,    3.049,    0.242,     6.03,    41.85,   255.16,    0.000,     0.00,     1.88
 20080511, 213134.194550,    2.108,   -3.712,     9.00,    37.91,   194.93,    0.000,     0.00,     2.45
 20080511, 214442.648344,    9.112,  -10.767,    24.25,    39.20,   221.83,    0.000,     0.00,     8.87
 20080511, 215851.054942,    3.985,   -9.374,     5.19,    41.43,   183.09,    0.000,     0.00,     1.60
 20080511, 220558.550262,   -8.075,  -11.401,    35.85,    20.38,   206.54,    0.000,     0.00,     9.90
 20080511, 220811.737227,    6.247,  -15.411,     7.35,    43.80,     9.93,    0.000,     0.00,     2.63
 20080511, 222906.917180,   -4.639,  -15.524,    14.93,    30.76,    86.92,    0.000,     0.00,     3.87
 20080511, 223320.325766,   -8.893,  -14.710,     4.81,    43.24,   256.91,    0.000,     0.00,     1.62
 20080511, 223421.081461,    8.445,   -4.545,    21.02,    36.61,   196.32,    0.000,     0.00,     6.88
 20080511, 230231.340691,    4.165,    7.034,    13.30,    31.42,    23.36,    0.000,     0.00,     3.45
 20080512, 000132.674934,  -11.834,   -2.143,     3.80,    43.25,    47.27,    0.000,     0.00,     1.27
 20080512, 001506.043814,    5.367,   -6.133,    13.19,    27.52,   282.47,    0.000,     0.00,     3.19
 20080512, 003031.330855,    9.854,  -12.087,     7.70,    38.15,   287.31,    0.000,     0.00,     2.11
 20080512, 005248.223522,    9.695,   -9.539,     4.34,    34.36,   118.24,    0.000,     0.00,     1.15
 20080512, 005705.280738,   11.311,   -1.915,    11.63,    40.38,    18.50,    0.000,     0.00,     3.97
 20080512, 010954.358771,    5.814,    1.800,    11.01,    30.45,   148.46,    0.000,     0.00,     2.55
 20080512, 012014.622606,    4.232,   11.442,    13.91,    37.09,    26.30,    0.000,     0.00,     4.41
 20080512, 012441.089960,   -5.730,    0.194,     4.22,    38.95,    14.31,    0.000,     0.00,     1.20
 20080512, 012905.692390,   -9.830,  -10.017,     7.46,    42.90,    93.17,    0.000,     0.00,     2.57
 20080512, 014552.464996,   -1.360,    5.872,    12.89,    35.20,   152.54,    0.000,     0.00,     3.62
 20080512, 015217.007428,   -4.869,  -16.240,    19.57,    30.27,   128.18,    0.000,     0.00,     5.52
 20080512, 022416.100837,    2.211,   10.663,     9.99,    28.53,   325.84,    0.000,     0.00,     2.20
 20080512, 023645.118149,   -8.101,  -11.158,     6.83,    35.00,    34.64,    0.000,     0.00,     1.67
 20080512, 031816.668103,   -7.521,   -1.813,    11.77,    21.66,   195.39,    0.000,     0.00,     2.50
 20080512, 032259.015670,   -3.946,  -11.989,     5.28,    43.75,   178.43,    0.000,     0.00,     1.80
 20080512, 032517.337355,   -4.776,   -5.536,    13.94,    27.24,   355.43,    0.000,     0.00,     3.28
 20080512, 033553.355780,    0.884,    7.757,     8.26,    35.42,     3.08,    0.000,     0.00,     2.04
 20080512, 034322.330298,   -3.570,   -1.416,     7.01,    35.14,   290.14,    0.000,     0.00,     1.72
 20080512, 035542.647501,   -0.009,    7.336,     3.26,    42.47,   211.01,    0.000,     0.00,     1.04
 20080512, 040002.130740,    7.527,   -8.508,     3.67,    42.80,    73.87,    0.000,     0.00,     1.19
 20080512, 041701.639224,    6.341,  -16.649,     6.76,    32.71,   177.16,    0.000,     0.00,     1.64
 20080512, 041948.925375,   -1.730,   -4.941,    29.55,    35.96,   337.12,    0.000,     0.00,     9.54
 20080512, 045717.089637,   -1.632,   -9.646,     7.18,    38.37,   181.72,    0.000,     0.00,     1.94
 20080512, 051130.320095,    5.770,    7.520,    20.61,    40.20,   293.04,    0.000,     0.00,     7.66
 20080512, 062903.918699,   10.837,   -4.396,     6.87,    30.55,   267.56,    0.000,     0.00,     1.52
 20080512, 063511.622384,   -3.237,   -1.814,    27.74,    20.67,    41.90,    0.000,     0.00,     7.48
 20080512, 064937.578642,   -9.479,   -2.379,    10.27,    26.87,   191.62,    0.000,     0.00,     2.22
 20080512, 064956.693653,    2.884,    9.526,    10.98,    33.15,    90.22,    0.000,     0.00,     2.78
 20080512, 065247.703924,    4.121,   -3.297,    49.21,    18.69,   221.06,    0.000,     0.00,    14.02
 20080512, 072224.357702,    2.589,   -0.619,    20.07,    24.68,   328.60,    0.000,     0.00,     5.26
 20080512, 073006.821088,   11.415,    0.513,    10.56,    28.23,   212.90,    0.000,     0.00,     2.36
 20080512, 075613.583416,   -5.566,   -9.436,     5.02,    24.11,   118.59,    0.000,     0.00,     1.12
 20080512, 080725.636399,    6.364,   -5.935,     5.91,    40.72,   295.66,    0.000,     0.00,     1.75
 20080512, 090120.974545,   -9.103,   -4.135,    17.91,    39.66,   242.48,    0.000,     0.00,     6.63
 20080512, 091204.285874,  -10.365,   -7.914,    13.96,    18.06,   103.98,    0.000,     0.00,     2.97
 20080512, 091329.623611,  -11.733,   -7.235,     3.01,    44.52,   235.40,    0.000,     0.00,     1.01
 20080512, 091638.827219,    7.452,   -3.503,     6.27,    36.77,    34.17,    0.000,     0.00,     1.64
 20080512, 092254.026607,   -3.759,  -16.339,    12.35,    32.27,    56.76,    0.000,     0.00,     3.12
 20080512, 092807.033831,  -11.390,   -4.461,    25.12,    40.15,   317.03,    0.000,     0.00,     9.14
 20080512, 095933.530271,    0.120,    6.170,     8.89,    40.54,   347.35,    0.000,     0.00,     2.81
 20080512, 100637.033699,   -2.784,   -0.409,     8.25,    33.75,   242.65,    0.000,     0.00,     1.98
 20080512, 101406.703874,   -5.026,    1.292,    56.85,    19.68,   249.15,    0.000,     0.00,    16.40
 20080512, 101604.409416,    0.980,    6.487,    11.59,    31.79,    61.72,    0.000,     0.00,     2.86
 20080512, 103114.184926,   -9.045,   -0.986,    14.06,    29.74,   211.82,    0.000,     0.00,     3.56
 20080512, 104437.290355,    5.745,   -6.929,    10.49,    32.08,   263.32,    0.000,     0.00,     2.51
 20080512, 111004.534260,    9.352,  -12.792,     9.09,    43.56,   246.45,    0.000,     0.00,     3.42
 20080512, 114626.270744,   -6.850,  -10.625,     4.62,    14.36,   359.27,    0.000,     0.00,     1.00
 20080512, 121123.554483,    1.725,    5.470,    10.57,    40.56,   267.51,    0.000,     0.00,     3.51
 20080512, 123727.334376,    7.645,    0.100,     5.06,    24.77,     2.53,    0.000,     0.00,     1.13
 20080512, 124740.254703,   12.016,   -7.102,    15.15,    32.98,   303.16,    0.000,     0.00,     4.26
 20080512, 134429.681080,   -6.924,   -2.368,     3.73,    38.38,   160.14,    0.000,     0.00,     1.08
 20080512, 140113.985710,    3.948,  -14.101,     7.02,    30.92,    77.25,    0.000,     0.00,     1.55
 20080512, 140655.189617,    8.979,  -11.849,    11.57,    39.90,   334.70,    0.000,     0.00,     3.76
 20080512, 143510.750664,    2.818,    8.388,     5.27,    41.68,    26.93,    0.000,     0.00,     1.62
 20080512, 150410.566279,  -11.392,   -7.327,    11.74,    43.05,   194.56,    0.000,     0.00,     4.41
 20080512, 151108.984153,   -9.120,   -0.507,     9.20,    41.51,   216.13,    0.000,     0.00,     3.10
 20080512, 151411.601697,   11.044,   -5.250,    27.85,    35.48,    77.08,    0.000,     0.00,     9.00
 20080512, 152032.646362,   -7.584,   -6.286,    81.63,     7.58,    93.45,    0.000,     0.00,    24.21
 20080512, 153728.991981,    8.593,   -5.049,    13.24,    42.58,   110.60,    0.000,     0.00,     5.10
 20080512, 153900.612042,    2.337,  -13.930,     8.33,    29.44,   131.25,    0.000,     0.00,     1.83
 20080512, 153905.373003,    3.294,    9.327,    19.49,    19.08,   311.63,    0.000,     0.00,     4.74
 20080512, 154029.646526,  -10.973,  -12.387,     6.46,    40.65,   191.18,    0.000,     0.00,     1.92
 20080512, 160737.738226,    7.410,    0.541,     8.39,    39.02,    76.20,    0.000,     0.00,     2.33
 20080512, 162920.946017,  -11.473,   -6.617,     4.76,    41.98,   281.91,    0.000,     0.00,     1.46
 20080512, 170144.460491,    6.064,   10.074,    21.39,    21.22,   115.60,    0.000,     0.00,     5.51
 20080512, 170856.833502,    3.374,  -10.068,     6.75,    42.43,   252.08,    0.000,     0.00,     2.29
 20080512, 174418.612330,    3.028,   10.256,     8.31,    40.46,    45.97,    0.000,     0.00,     2.58
 20080512, 180648.825076,    5.872,   11.720,    17.12,    23.65,   219.46,    0.000,     0.00,     4.29
 20080512, 182858.709346,   -3.309,    1.373,     4.45,    30.04,   260.41,    0.000,     0.00,     1.09
 20080512, 195540.490946,   -8.889,   -7.188,    23.00,    20.43,   208.14,    0.000,     0.00,     6.03
 20080512, 202357.288600,   -8.607,   -4.532,    18.90,    42.77,    82.25,    0.000,     0.00,     7.72
 20080512, 203556.755846,   -1.781,   -6.843,    14.64,    31.50,   292.94,    0.000,     0.00,     3.94
 20080512, 205521.882353,   -3.287,   -5.965,     5.46,    33.04,   301.02,    0.000,     0.00,     1.37
 20080512, 205824.594685,    3.831,    8.043,    40.62,    16.22,    33.48,    0.000,     0.00,    11.25
 20080512, 210041.125223,   -3.262,   -7.301,     4.74,    30.26,   316.85,    0.000,     0.00,     1.15
 20080512, 221102.567401,   -8.775,   -5.372,    10.32,    29.21,   167.21,    0.000,     0.00,     2.35
 20080512, 225023.403645,   -7.665,   -7.723,    46.62,    13.88,     2.46,    0.000,     0.00,    13.07
 20080512, 230937.773494,    8.974,    6.611,    12.30,    21.77,   127.00,    0.000,     0.00,     2.63
 20080512, 231145.901578,   -1.827,  -13.651,     6.94,    41.64,   253.84,    0.000,     0.00,     2.21
 20080512, 231328.246134,    3.118,    8.883,    48.66,     9.95,   269.30,    0.000,     0.00,    13.74
 20080512, 233626.830654,   -5.457,    0.951,    27.50,    28.34,   213.26,    0.000,     0.00,     7.87
 20080512, 234304.841294,   -8.078,   -4.017,    84.70,     4.71,    84.28,    0.000,     0.00,    25.21
 20080512, 235105.439519,   -4.792,  -10.025,    11.99,    38.06,   207.90,    0.000,     0.00,     3.76
 20080512, 235107.021075,   -9.894,   -1.441,    20.40,    15.86,   227.40,    0.000,     0.00,     4.76
 20080513, 000802.461664,   -6.139,    0.855,    11.61,    22.10,   191.85,    0.000,     0.00,     2.45
 20080513, 002944.924023,    4.067,    9.698,     8.74,    36.38,   235.16,    0.000,     0.00,     2.27
 20080513, 004042.309343,   -4.366,    0.988,    39.52,    17.01,   239.36,    0.000,     0.00,    11.05
 20080513, 011411.636998,   -1.533,    6.330,    18.35,    42.70,    16.38,    0.000,     0.00,     7.47
 20080513, 011816.316107,    5.155,   10.833,     7.84,    34.19,    83.60,    0.000,     0.00,     1.93
 20080513, 012051.112386,  -12.084,   -1.894,    23.24,    14.51,   198.71,    0.000,     0.00,     5.74
 20080513, 013356.707677,   -9.812,   -3.733,    17.86,    25.14,    36.93,    0.000,     0.00,     4.61
 20080513, 014601.157015,   -4.222,   -2.098,    11.86,    37.86,   116.74,    0.000,     0.00,     3.55
 20080513, 020238.013239,  -11.773,   -2.813,    23.90,    10.45,    99.91,    0.000,     0.00,     5.91
 20080513, 020802.033546,   -8.118,   -4.814,    11.55,     9.24,   352.21,    0.000,     0.00,     2.23
 20080513, 022235.145763,   10.545,   -8.850,    20.99,    19.13,   228.28,    0.000,     0.00,     5.26
 20080513, 022647.806685,   -3.870,   -7.233,    11.72,    29.82,   212.82,    0.000,     0.00,     2.77
 20080513, 024355.753705,   -2.473,    0.843,    18.67,    10.94,   328.59,    0.000,     0.00,     4.08
 20080513, 025037.064112,    9.371,   -3.327,     9.76,    34.57,   357.81,    0.000,     0.00,     2.50
 20080513, 031552.496884,   -9.819,  -11.779,     9.03,    42.52,   279.27,    0.000,     0.00,     3.21
 20080513, 033101.229493,    5.136,   -9.403,    12.99,    24.11,   266.98,    0.000,     0.00,     2.94
 20080513, 035537.448417,    4.450,  -13.824,     7.52,    35.99,   310.20,    0.000,     0.00,     1.90
 20080513, 040108.866804,    8.145,   -4.161,    19.39,    15.27,   228.51,    0.000,     0.00,     4.43
 20080513, 041742.252885,   -6.968,   -9.499,    14.48,     8.44,     0.72,    0.000,     0.00,     2.87
 20080513, 041917.354516,    8.977,   -0.646,    12.08,    26.19,    74.40,    0.000,     0.00,     2.71
 20080513, 044006.022516,   -2.676,  -12.308,    22.65,    16.74,   132.41,    0.000,     0.00,     5.82
 20080513, 051202.425031,    2.612,   -7.125,     4.38,    23.85,   251.80,    0.000,     0.00,     1.00
 20080513, 054254.081366,   -8.089,   -7.514,    12.54,    17.26,   261.92,    0.000,     0.00,     2.59
 20080513, 061249.892645,    6.206,  -12.251,    14.08,    18.31,    87.53,    0.000,     0.00,     3.01
 20080513, 061923.452710,    1.323,    9.092,    16.84,    23.16,    33.13,    0.000,     0.00,     4.19
 20080513, 062513.563686,   10.915,   -5.485,    22.62,    32.55,   151.94,    0.000,     0.00,     6.77
 20080513, 065109.653696,    7.630,  -10.766,     8.00,    44.41,   100.73,    0.000,     0.00,     3.11
 20080513, 065207.748323,    6.745,   11.796,    12.52,    26.03,   354.22,    0.000,     0.00,     2.84
 20080513, 072252.553519,   -2.038,  -11.870,    37.87,    30.61,   249.01,    0.000,     0.00,    11.35
 20080513, 073150.214455,    8.918,   -5.401,     7.51,    44.01,   109.76,    0.000,     0.00,     2.70
 20080513, 075218.548829,    4.144,   -3.573,     9.85,    43.30,   187.37,    0.000,     0.00,     3.78
 20080513, 075752.380561,    0.052,   10.449,    10.37,    31.41,   158.78,    0.000,     0.00,     2.47
 20080513, 080004.640161,  -12.150,   -2.394,    11.42,    31.41,     7.76,    0.000,     0.00,     2.80
 20080513, 081304.571823,  -10.358,   -6.126,    95.17,    26.46,   317.50,    0.000,     0.00,    30.16
 20080513, 083605.956465,   -9.986,   -8.520,     5.99,    38.08,   170.29,    0.000,     0.00,     1.61
 20080513, 083607.403303,   11.177,   -1.460,     3.77,    44.79,   231.87,    0.000,     0.00,     1.29
 20080513, 084817.038696,   -8.668,   -3.880,    18.42,    37.77,   271.82,    0.000,     0.00,     6.23
 20080513, 091742.902687,   -7.279,  -11.401,    19.17,    35.74,   332.72,    0.000,     0.00,     6.25
 20080513, 092713.447296,    6.118,  -12.164,    22.91,    24.75,   235.18,    0.000,     0.00,     6.16
 20080513, 094041.430296,  -12.250,   -1.084,    10.90,    29.48,   351.11,    0.000,     0.00,     2.52
 20080513, 095456.880452,   -1.534,    0.355,     9.40,    34.73,   210.64,    0.000,     0.00,     2.38
 20080513, 101455.701405,    3.411,    9.245,     9.65,    32.03,   188.19,    0.000,     0.00,     2.26
 20080513, 104739.464216,    6.501,   -4.227,     4.40,    36.53,    77.31,    0.000,     0.00,     1.16
 20080513, 113613.443289,   -8.177,  -15.649,     6.61,    32.17,   121.68,    0.000,     0.00,     1.51
 20080513, 114110.624143,    5.723,   -5.508,    17.95,    12.77,   272.12,    0.000,     0.00,     3.97
 20080513, 114620.531681,    6.230,   -2.961,     9.39,    27.93,   122.21,    0.000,     0.00,     2.04
 20080513, 121321.722887,    2.646,  -10.704,     8.00,    43.70,   214.11,    0.000,     0.00,     2.92
 20080513, 121811.859194,    3.884,  -11.969,     3.85,    33.27,   194.89,    0.000,     0.00,     1.00
 20080513, 123017.957039,    4.900,   -2.187,    30.24,    37.63,    10.99,    0.000,     0.00,    10.13
 20080513, 125929.304615,   -8.169,   -0.138,    18.07,    15.92,   314.87,    0.000,     0.00,     4.01
 20080513, 130324.821460,   -2.813,   -4.047,    29.20,    20.19,   343.06,    0.000,     0.00,     7.92
 20080513, 130354.928727,    5.148,   -9.350,    10.80,    11.50,   301.57,    0.000,     0.00,     2.10
 20080513, 131043.589420,    5.274,  -13.944,    25.07,    37.19,   168.80,    0.000,     0.00,     8.47
 20080513, 131810.192716,   -4.599,  -10.268,    21.92,     8.46,   187.45,    0.000,     0.00,     5.19
 20080513, 132322.285664,    8.969,  -10.527,    16.41,    36.93,   278.94,    0.000,     0.00,     5.44
 20080513, 133028.845671,  -10.905,   -1.636,     7.14,    40.58,   154.05,    0.000,     0.00,     2.15
 20080513, 133241.691073,   -9.867,   -0.336,    13.82,    35.37,    54.99,    0.000,     0.00,     3.98
 20080513, 134407.452516,    7.202,    7.498,    16.01,    36.41,   202.65,    0.000,     0.00,     5.06
 20080513, 134451.373666,   12.105,   -6.583,    10.19,    27.24,     2.96,    0.000,     0.00,     2.20
 20080513, 135127.832011,  -11.511,   -4.373,    15.26,    16.80,   188.83,    0.000,     0.00,     3.35
 20080513, 135617.529080,    6.571,   -3.725,     8.65,    35.59,   354.99,    0.000,     0.00,     2.24
 20080513, 135920.193395,    8.891,    0.075,     3.24,    42.90,    16.99,    0.000,     0.00,     1.03
 20080513, 143122.741220,   10.478,   -9.383,    17.05,    20.82,   220.55,    0.000,     0.00,     4.08
 20080513, 143129.860605,    9.563,  -12.582,    10.24,    30.91,    65.54,    0.000,     0.00,     2.33
 20080513, 145015.807605,    2.116,    0.326,     9.77,    43.50,   133.44,    0.000,     0.00,     3.74
 20080513, 155156.079670,    4.058,    0.415,    10.55,    30.09,    74.61,    0.000,     0.00,     2.41
 20080513, 170234.064605,    7.308,   -5.776,     7.18,    17.25,   286.85,    0.000,     0.00,     1.55
 20080513, 173552.145643,    8.729,   -4.626,    16.36,    38.95,   176.72,    0.000,     0.00,     5.65
 20080513, 174621.765121,    7.159,   -4.267,     4.81,    43.81,   126.77,    0.000,     0.00,     1.62
 20080513, 175604.204646,    7.937,   -2.564,    45.54,    36.78,   286.41,    0.000,     0.00,    15.86
 20080513, 180559.786976,    5.456,   -5.237,    11.38,    37.00,   323.73,    0.000,     0.00,     3.36
 20080513, 185245.280931,    8.844,   -4.806,     5.66,    12.31,   123.46,    0.000,     0.00,     1.25
 20080513, 192143.860267,    5.754,   -8.819,     9.44,    40.55,    87.59,    0.000,     0.00,     3.03
 20080513, 192509.222684,    9.053,    1.361,     7.43,    43.12,   348.03,    0.000,     0.00,     2.56
 20080513, 193149.718671,    9.208,   -6.126,    16.38,    40.15,    92.69,    0.000,     0.00,     5.98
 20080513, 202458.941987,    2.004,   -9.716,    12.47,    35.36,   358.13,    0.000,     0.00,     3.46
 20080513, 220525.034537,   11.885,   -0.526,    16.10,    27.35,   163.66,    0.000,     0.00,     4.20
 20080513, 221723.387747,    5.536,  -15.814,    11.81,    19.23,    60.31,    0.000,     0.00,     2.40
 20080513, 222513.742710,   10.105,   -5.870,     6.81,    42.14,   291.78,    0.000,     0.00,     2.16
 20080513, 232411.442509,   -5.679,   -8.389,     4.67,    27.88,   147.15,    0.000,     0.00,     1.05
 20080514, 001226.329048,    6.750,   -1.706,    19.08,    36.02,   238.71,    0.000,     0.00,     6.21
 20080514, 003414.367278,    3.420,   -8.059,     8.96,    25.04,   104.74,    0.000,     0.00,     1.84
 20080514, 004302.923633,    2.340,   -7.054,    17.52,    34.27,   269.84,    0.000,     0.00,     5.41
 20080514, 005140.584193,   10.566,   -2.428,    12.21,    37.99,   126.72,    0.000,     0.00,     3.86
 20080514, 011133.300985,    4.517,   10.269,    20.07,    30.71,   273.46,    0.000,     0.00,     5.69
 20080514, 011320.463643,    6.247,   10.950,     7.04,     4.12,   223.93,    0.000,     0.00,     1.52
 20080514, 012311.334409,   10.164,    1.250,    15.63,    28.93,    50.53,    0.000,     0.00,     4.04
 20080514, 013217.348901,    3.182,   -5.217,    23.44,     8.14,    64.71,    0.000,     0.00,     5.74
 20080514, 014245.533886,    3.806,   -1.826,    33.48,    34.08,   197.27,    0.000,     0.00,    10.67
 20080514, 015441.528840,    5.373,    0.094,     4.27,    30.16,   319.90,    0.000,     0.00,     1.06
 20080514, 022144.195460,    0.825,    8.105,     8.35,    28.88,   245.15,    0.000,     0.00,     1.78
 20080514, 023209.992712,    4.127,   -1.367,     8.54,    34.76,    85.60,    0.000,     0.00,     2.12
 20080514, 023308.933671,    3.324,  -15.328,    11.66,    42.52,   254.32,    0.000,     0.00,     4.38
 20080514, 023616.331007,   -9.929,    0.850,    33.45,    41.98,   106.18,    0.000,     0.00,    13.34
 20080514, 025516.830253,   11.752,   -1.426,    11.10,    32.20,    26.75,    0.000,     0.00,     2.70
 20080514, 030547.283530,    2.187,  -17.046,    16.18,    32.11,   193.40,    0.000,     0.00,     4.51
 20080514, 030621.525941,    3.634,   -7.558,    18.92,    40.56,   310.64,    0.000,     0.00,     7.15
 20080514, 031130.420625,   -4.930,   -9.073,    14.97,    35.32,   202.00,    0.000,     0.00,     4.43
 20080514, 031329.278363,    2.299,    0.400,    16.47,    23.85,   214.68,    0.000,     0.00,     4.07
 20080514, 032442.238623,    0.994,    9.371,    14.47,    14.80,   206.52,    0.000,     0.00,     2.98
 20080514, 035451.811301,    1.656,   10.339,     6.46,    43.99,    79.83,    0.000,     0.00,     2.26
 20080514, 040942.897201,  -11.194,   -3.117,    24.45,    28.23,   147.35,    0.000,     0.00,     6.96
 20080514, 041743.409442,  -11.682,   -1.821,    20.91,    22.95,   326.23,    0.000,     0.00,     5.54
 20080514, 043519.671279,    8.265,    7.889,    12.65,    34.23,   119.90,    0.000,     0.00,     3.53
 20080514, 044151.045545,   -7.781,   -3.603,    36.52,    36.53,   126.41,    0.000,     0.00,    12.00
 20080514, 044942.843978,    3.329,  -12.461,    10.77,    25.23,     8.76,    0.000,     0.00,     2.35
 20080514, 045143.475175,   -9.175,   -9.007,    21.28,    36.57,    78.08,    0.000,     0.00,     6.97
 20080514, 050222.071965,  -10.955,   -3.277,    21.79,    32.44,   250.96,    0.000,     0.00,     6.50
 20080514, 050738.143635,  -10.505,    0.187,     3.44,    39.03,   174.15,    0.000,     0.00,     1.00
 20080514, 051358.993893,   11.160,   -2.335,     5.33,    34.21,   133.48,    0.000,     0.00,     1.35
 20080514, 054518.140297,    6.822,    6.631,     6.75,    32.67,    93.07,    0.000,     0.00,     1.64
 20080514, 055522.992152,   11.869,   -2.011,    12.16,    34.23,    51.80,    0.000,     0.00,     3.35
 20080514, 063036.153297,    5.489,  -10.469,     5.96,    36.74,   348.05,    0.000,     0.00,     1.50
 20080514, 063452.605096,    8.567,    1.265,     7.98,    13.12,   356.38,    0.000,     0.00,     1.67
 20080514, 063814.742652,    9.877,  -10.485,     9.24,    41.45,   241.00,    0.000,     0.00,     3.12
 20080514, 063925.516433,   -7.683,   -5.095,    15.47,    29.27,    37.44,    0.000,     0.00,     4.06
 20080514, 065806.766324,   -6.718,   -0.939,    29.85,    24.94,   274.58,    0.000,     0.00,     8.20
 20080514, 070209.378485,    3.198,  -11.473,    20.65,    26.64,   108.14,    0.000,     0.00,     5.59
 20080514, 072640.949709,    7.114,   -9.218,     6.66,    44.40,   208.54,    0.000,     0.00,     2.47
 20080514, 073301.045155,   -8.166,   -5.765,     9.47,    24.19,   296.82,    0.000,     0.00,     1.96
 20080514, 073453.118823,    2.141,   -0.830,     8.33,    34.66,   354.64,    0.000,     0.00,     2.06
 20080514, 075448.234964,   -8.306,  -15.666,    36.10,     6.06,   192.34,    0.000,     0.00,     9.91
 20080514, 075619.214340,   -7.247,   -0.405,    21.18,    25.84,    71.94,    0.000,     0.00,     5.77
 20080514, 091308.057700,   -3.884,  -15.899,    22.05,    24.16,    43.77,    0.000,     0.00,     5.90
 20080514, 093714.016000,   -4.545,    6.147,     4.96,    32.73,    62.86,    0.000,     0.00,     1.27
 20080514, 102931.369419,    5.839,    9.179,    12.03,    41.60,   256.47,    0.000,     0.00,     4.34
 20080514, 103959.977358,    9.067,   -0.927,    13.98,    30.55,     8.26,    0.000,     0.00,     3.53
 20080514, 105818.155794,   -5.179,  -14.674,    30.78,    20.97,    14.99,    0.000,     0.00,     8.38
 20080514, 110042.451879,    3.979,   -4.564,    11.55,    33.44,    44.89,    0.000,     0.00,     2.97
 20080514, 112934.614470,   -5.207,   -5.251,     8.47,    33.33,    32.10,    0.000,     0.00,     2.04
 20080514, 113207.172895,    4.444,    0.490,    12.16,    44.89,   260.53,    0.000,     0.00,     5.29
 20080514, 113654.698393,    2.591,    8.931,     6.67,    43.72,   263.51,    0.000,     0.00,     2.34
 20080514, 114347.829895,    2.552,   -7.054,     6.63,    43.26,    34.40,    0.000,     0.00,     2.33
 20080514, 120222.205432,    8.763,   -2.509,     3.23,    44.39,    17.77,    0.000,     0.00,     1.09
 20080514, 121005.830019,   -2.957,   -0.641,    10.95,    32.36,   203.15,    0.000,     0.00,     2.65
 20080514, 121451.621256,    9.630,   -5.237,    14.28,    21.50,   329.49,    0.000,     0.00,     3.21
 20080514, 121731.661190,  -11.275,   -1.994,    34.58,    19.47,   342.54,    0.000,     0.00,     9.55
 20080514, 123325.009528,   -1.750,   -8.118,    16.88,    34.15,     0.62,    0.000,     0.00,     5.16
 20080514, 123748.666752,   -8.470,   -9.847,    20.85,    20.56,   306.09,    0.000,     0.00,     5.34
 20080514, 123922.837886,   10.913,  -11.661,    19.18,    32.26,   196.72,    0.000,     0.00,     5.60
 20080514, 125305.147232,   -3.477,   -0.734,    36.43,    34.01,   180.26,    0.000,     0.00,    11.43
 20080514, 132236.017281,    2.718,  -16.781,    17.60,    24.92,   154.34,    0.000,     0.00,     4.45
 20080514, 132618.256429,   -7.967,   -9.484,     4.38,    23.79,   192.92,    0.000,     0.00,     1.00
 20080514, 134000.243065,    8.431,    0.054,    21.45,    12.92,    51.73,    0.000,     0.00,     5.12
 20080514, 134409.999455,    2.126,  -12.008,     7.71,    36.94,     5.23,    0.000,     0.00,     2.04
 20080514, 134930.198040,   -8.259,   -9.798,   111.56,    28.03,    45.99,    0.000,     0.00,    36.33
 20080514, 140052.966290,    1.949,   10.520,     7.92,    40.70,   217.45,    0.000,     0.00,     2.43
 20080514, 140746.503654,    8.305,    1.541,     9.97,    26.89,   173.47,    0.000,     0.00,     2.15
 20080514, 142145.000976,   11.372,   -6.814,     6.32,    40.30,   225.93,    0.000,     0.00,     1.88
 20080514, 143857.926161,    6.055,    0.678,     9.12,    39.97,   153.25,    0.000,     0.00,     2.71
 20080514, 151628.166566,    2.074,    6.482,     6.92,    39.93,    84.26,    0.000,     0.00,     1.95
 20080514, 154347.713586,    7.201,    1.086,    12.20,    36.12,   150.86,    0.000,     0.00,     3.53
 20080514, 170834.681171,   -8.922,   -5.064,    15.05,    11.07,   224.45,    0.000,     0.00,     3.02
 20080514, 170924.456277,   -6.035,    0.492,    19.80,    17.68,    37.65,    0.000,     0.00,     4.85
 20080514, 173124.858493,    8.910,    5.859,     9.15,    38.90,    94.76,    0.000,     0.00,     2.61
 20080514, 173125.079494,   -9.331,   -2.311,     4.05,    35.79,   197.48,    0.000,     0.00,     1.08
 20080514, 181555.847047,   -4.940,   -1.538,    10.06,    39.55,    12.43,    0.000,     0.00,     3.10
 20080514, 183007.208702,   -5.559,   -9.534,    17.61,    20.13,    37.15,    0.000,     0.00,     4.27
 20080514, 185052.964470,   -0.458,    5.925,    68.59,    35.40,   219.14,    0.000,     0.00,    23.36
 20080514, 185526.106138,   -2.045,  -14.412,     4.60,    20.21,   337.73,    0.000,     0.00,     1.03
 20080514, 190318.857703,   -6.354,   -4.546,    16.06,    41.39,   138.94,    0.000,     0.00,     6.14
 20080514, 191603.442251,   -3.669,  -12.397,    16.85,    39.35,   178.59,    0.000,     0.00,     6.19
 20080514, 205732.332375,    8.010,    8.101,     7.76,    40.54,    29.81,    0.000,     0.00,     2.37
 20080514, 213601.423562,   -2.420,    6.417,     6.46,    43.70,   289.25,    0.000,     0.00,     2.26
 20080514, 213715.277124,   -2.596,  -14.792,     8.09,    33.05,    82.25,    0.000,     0.00,     1.95
 20080514, 215416.262340,    5.149,   -1.098,    11.73,    39.47,    28.62,    0.000,     0.00,     3.84
 20080514, 221056.202958,    3.641,   -8.634,    10.11,    39.68,    48.32,    0.000,     0.00,     3.12
 20080514, 221244.928334,    2.562,    6.053,     9.08,    34.46,    70.48,    0.000,     0.00,     2.28
 20080514, 221509.233084,   -1.296,    5.587,     8.73,    41.76,   238.61,    0.000,     0.00,     2.91
 20080514, 221847.787404,    9.237,    0.366,    10.09,    44.75,    25.97,    0.000,     0.00,     4.18
 20080514, 224408.731825,   -6.385,   -4.474,    10.80,    34.46,     6.17,    0.000,     0.00,     2.85
 20080514, 230001.422374,   -6.206,  -14.775,     9.59,    41.19,    38.24,    0.000,     0.00,     3.09
 20080514, 231658.335834,   -2.022,    6.365,     8.29,    34.90,   302.82,    0.000,     0.00,     2.05
 20080515, 001056.768305,   10.655,    1.143,    17.71,    36.17,   321.63,    0.000,     0.00,     5.71
 20080515, 002700.530444,   10.107,   -4.851,     7.43,    33.27,   164.64,    0.000,     0.00,     1.79
 20080515, 012722.332760,   12.046,   -1.634,     7.17,    33.90,   259.35,    0.000,     0.00,     1.73
 20080515, 013532.174534,  -11.364,  -10.397,     8.55,    32.17,    80.44,    0.000,     0.00,     1.96
 20080515, 014519.763979,    9.404,   -2.854,    10.72,    30.47,    56.24,    0.000,     0.00,     2.47
 20080515, 015213.357939,   -9.278,   -2.244,    13.64,    32.02,   135.14,    0.000,     0.00,     3.58
 20080515, 015411.089541,   -5.562,   -2.900,     5.83,    41.25,    99.69,    0.000,     0.00,     1.72
 20080515, 015523.016430,    4.311,    0.843,    14.08,     8.66,   147.65,    0.000,     0.00,     2.78
 20080515, 020407.037122,    6.010,   -0.638,    16.16,    28.31,   310.81,    0.000,     0.00,     4.22
 20080515, 021229.643900,    0.361,    7.784,    10.95,    34.87,    93.68,    0.000,     0.00,     2.91
 20080515, 023147.620274,   -4.600,   -2.331,     4.61,    10.21,   274.73,    0.000,     0.00,     1.03
 20080515, 025354.887063,   -5.710,   -0.909,     4.61,    24.41,   346.69,    0.000,     0.00,     1.05
 20080515, 030840.636949,   -3.324,   -6.030,     5.63,    31.55,   206.72,    0.000,     0.00,     1.32
 20080515, 032047.684997,    9.728,   -0.517,    17.75,    43.30,   254.22,    0.000,     0.00,     7.70
 20080515, 035239.254790,    2.369,  -13.537,     4.52,    43.95,    53.61,    0.000,     0.00,     1.52
 20080515, 041917.398702,    3.210,   -6.141,     6.97,    36.90,    96.83,    0.000,     0.00,     1.82
 20080515, 042722.545769,   10.896,  -11.082,    36.31,    43.01,   179.02,    0.000,     0.00,    15.40
 20080515, 045143.321534,    3.908,   -4.770,    20.26,    42.62,    82.70,    0.000,     0.00,     8.32
 20080515, 045821.590314,    1.752,   10.062,     9.52,    37.00,   200.25,    0.000,     0.00,     2.64
 20080515, 051110.507293,    9.287,    0.429,    15.31,    42.04,    67.42,    0.000,     0.00,     5.81
 20080515, 053024.781521,    8.311,  -14.156,    17.87,    19.62,   242.32,    0.000,     0.00,     4.19
 20080515, 060638.274028,   -6.654,  -10.120,    12.41,    31.25,    84.06,    0.000,     0.00,     3.14
 20080515, 061311.594969,    9.582,   -7.678,    11.85,    40.22,    99.80,    0.000,     0.00,     4.07
 20080515, 062350.416959,    5.797,   11.546,    10.05,    34.90,   286.47,    0.000,     0.00,     2.60
 20080515, 065832.964048,  -10.667,   -6.358,     9.18,    39.27,     6.25,    0.000,     0.00,     2.74
 20080515, 065938.959993,    6.268,    6.141,    12.83,     4.70,    56.03,    0.000,     0.00,     2.49
 20080515, 070444.588448,   -6.297,  -10.243,    16.47,    18.19,   243.25,    0.000,     0.00,     3.73
 20080515, 071001.457639,    4.307,   11.880,   136.26,    33.11,   165.65,    0.000,     0.00,    48.19
 20080515, 072213.476873,  -11.531,   -2.381,    23.69,    37.39,    96.63,    0.000,     0.00,     8.04
 20080515, 073005.249942,   -7.535,  -15.935,    15.01,    26.01,   176.95,    0.000,     0.00,     3.63
 20080515, 073014.160806,    8.740,    6.295,     3.96,    43.93,   108.59,    0.000,     0.00,     1.32
 20080515, 075107.296767,    6.129,    7.714,     7.12,    44.37,    66.61,    0.000,     0.00,     2.69
 20080515, 080108.243266,    2.153,    1.058,    18.52,    34.39,    77.54,    0.000,     0.00,     5.78
 20080515, 080954.504497,   10.595,   -8.510,    11.08,    20.36,    83.46,    0.000,     0.00,     2.32
 20080515, 082147.081986,   -5.821,  -12.449,     5.64,    42.81,   294.21,    0.000,     0.00,     1.89
 20080515, 082311.068881,    4.566,  -11.994,    19.90,    36.31,   303.66,    0.000,     0.00,     6.50
 20080515, 084134.546045,    4.677,   -9.521,    65.86,    25.42,   339.59,    0.000,     0.00,    20.23
 20080515, 084444.933274,    1.054,    9.902,    22.72,    43.66,   188.54,    0.000,     0.00,     9.98
 20080515, 085526.730934,    3.460,   -4.047,     6.70,    44.36,   216.36,    0.000,     0.00,     2.49
 20080515, 095012.060406,   -3.198,   -3.589,     4.34,    31.38,   232.97,    0.000,     0.00,     1.06
 20080515, 103311.183368,    8.876,    6.165,     7.20,    28.50,   100.28,    0.000,     0.00,     1.53
 20080515, 103744.442354,    3.887,    0.023,    18.96,    20.78,    10.53,    0.000,     0.00,     4.71
 20080515, 105344.150097,   10.341,   -4.227,     9.24,    37.31,    80.85,    0.000,     0.00,     2.54
 20080515, 105806.365541,    2.781,    7.220,     3.76,    41.94,    35.62,    0.000,     0.00,     1.15
 20080515, 110009.405190,    8.850,  -11.463,     8.00,    26.62,   281.09,    0.000,     0.00,     1.73
 20080515, 110650.925319,    7.462,   -5.946,    17.14,    27.29,   179.90,    0.000,     0.00,     4.56
 20080515, 113421.215542,    5.087,    1.159,     6.91,     3.92,    93.20,    0.000,     0.00,     1.50
 20080515, 120704.510366,   -4.674,   -2.272,     9.01,    39.42,    48.99,    0.000,     0.00,     2.67
 20080515, 124158.814102,   -3.655,   -3.185,    11.20,    23.46,     2.16,    0.000,     0.00,     2.41
 20080515, 124216.959960,   -4.990,   -4.005,    10.79,    32.35,   293.80,    0.000,     0.00,     2.60
 20080515, 125847.937907,   -8.363,  -11.570,     4.82,    43.09,   272.15,    0.000,     0.00,     1.60
 20080515, 130905.374137,   11.949,   -8.742,     8.99,    43.79,   229.71,    0.000,     0.00,     3.37
 20080515, 131810.516917,    8.600,   -4.083,     6.23,    44.60,   252.90,    0.000,     0.00,     2.28
 20080515, 132908.824155,    8.049,   -9.984,    13.54,    31.48,    14.72,    0.000,     0.00,     3.54
 20080515, 133359.209149,    0.562,   10.707,    12.34,    24.15,   168.63,    0.000,     0.00,     2.74
 20080515, 134127.378285,    8.150,  -11.611,    14.72,    39.98,   123.78,    0.000,     0.00,     5.23
 20080515, 140812.522210,   -4.982,   -2.907,    10.00,    27.06,   170.78,    0.000,     0.00,     2.16
 20080515, 141002.040402,   11.751,   -8.897,    14.45,    29.52,   302.52,    0.000,     0.00,     3.70
 20080515, 141258.069152,   -3.283,    0.170,    16.54,    23.79,   268.98,    0.000,     0.00,     4.09
 20080515, 141543.758800,   -5.483,   -0.546,    13.80,    33.17,    35.88,    0.000,     0.00,     3.76
 20080515, 143613.905582,    5.020,  -16.955,     8.38,    37.96,   142.26,    0.000,     0.00,     2.24
 20080515, 153949.302078,   -1.902,   -5.157,    12.62,    29.62,   132.55,    0.000,     0.00,     3.07
 20080515, 162926.845200,   -2.731,  -10.367,    25.02,    41.13,   101.98,    0.000,     0.00,     9.47
 20080515, 163423.616496,    2.300,    0.845,     7.17,    41.91,   178.10,    0.000,     0.00,     2.29
 20080515, 163608.281069,   -6.375,   -9.795,    10.20,    27.51,   170.68,    0.000,     0.00,     2.26
 20080515, 164200.395976,    7.362,   10.923,     6.47,    24.81,    73.03,    0.000,     0.00,     1.36
 20080515, 164402.777778,    4.049,   -3.633,     4.03,    29.86,   181.29,    0.000,     0.00,     1.00
 20080515, 171044.177703,    2.688,   -2.412,     5.55,    20.14,    79.65,    0.000,     0.00,     1.24
 20080515, 171353.121933,    3.613,  -17.001,     5.37,    41.61,   180.30,    0.000,     0.00,     1.65
 20080515, 172038.627507,   -9.115,  -14.384,     5.37,    23.57,    43.55,    0.000,     0.00,     1.18
 20080515, 173636.676068,   -4.215,   -4.207,    23.48,    23.84,    52.54,    0.000,     0.00,     6.34
 20080515, 174757.744021,    2.907,    0.470,    17.30,    20.02,   123.15,    0.000,     0.00,     4.17
 20080515, 175859.084620,   -9.169,   -2.314,    24.19,    37.77,   279.17,    0.000,     0.00,     8.20
 20080515, 183210.654867,   -4.584,  -17.214,     9.80,    41.02,   348.98,    0.000,     0.00,     3.18
 20080515, 191146.647075,    2.071,  -10.429,    22.65,    35.99,   242.99,    0.000,     0.00,     7.41
 20080515, 192538.224270,    2.750,   -1.873,    14.11,    39.98,    40.60,    0.000,     0.00,     4.95
 20080515, 193443.842150,    3.517,  -12.673,    17.96,    35.77,   223.65,    0.000,     0.00,     5.81
 20080515, 193715.694872,    0.152,    8.056,    17.80,    43.58,   284.95,    0.000,     0.00,     7.73
 20080515, 194521.921140,   -0.181,   10.360,    16.37,    26.73,    61.71,    0.000,     0.00,     4.09
 20080515, 194857.993894,   10.331,   -0.196,    11.45,    29.34,    86.74,    0.000,     0.00,     2.69
 20080515, 195940.841609,    6.295,   12.249,    12.36,    35.25,   222.29,    0.000,     0.00,     3.42
 20080515, 201155.557543,    0.318,    6.965,     8.17,    38.09,    77.06,    0.000,     0.00,     2.26
 20080515, 205635.855849,    8.808,   -2.044,     7.89,    43.69,    44.27,    0.000,     0.00,     2.87
 20080515, 205645.199621,    6.871,  -16.531,    11.96,    40.39,   315.56,    0.000,     0.00,     4.12
 20080515, 210322.217891,    4.803,   -5.040,     9.40,    37.06,   103.98,    0.000,     0.00,     2.59
 20080515, 210543.441904,    9.063,   -5.681,     7.29,    40.00,   315.38,    0.000,     0.00,     2.06
 20080515, 215611.230200,   -8.027,  -11.387,    46.82,    40.46,   315.43,    0.000,     0.00,    18.33
 20080515, 220200.023755,   -2.832,    6.529,     7.12,    34.14,   339.13,    0.000,     0.00,     1.74
 20080515, 220349.700790,   -8.239,  -14.179,     4.04,    42.42,    58.65,    0.000,     0.00,     1.33
 20080515, 220547.025662,   -9.362,  -12.803,    22.09,    41.28,   161.16,    0.000,     0.00,     8.68
 20080515, 224601.927687,    6.088,    6.037,     6.34,    26.72,   173.17,    0.000,     0.00,     1.44
 20080515, 225916.184868,    2.556,    8.545,    10.37,    39.30,   274.79,    0.000,     0.00,     3.23
 20080515, 235324.235811,    0.665,    7.782,    13.02,    21.99,   293.81,    0.000,     0.00,     2.83
 20080515, 235351.032599,    9.637,   -7.626,    13.99,    24.89,     8.56,    0.000,     0.00,     3.26
 20080516, 000737.457289,   -6.393,    0.804,    16.81,    27.36,   242.45,    0.000,     0.00,     4.45
 20080516, 001957.479422,   -2.774,  -14.099,     6.66,    40.24,   342.07,    0.000,     0.00,     1.99
 20080516, 004817.001808,   -2.745,   -4.050,    32.95,    30.84,    94.18,    0.000,     0.00,     9.75
 20080516, 005106.990107,    3.078,   -8.141,    28.77,    38.45,   193.14,    0.000,     0.00,     9.94
 20080516, 013933.698108,   -2.909,  -10.761,    18.06,    37.61,   241.36,    0.000,     0.00,     6.09
 20080516, 014316.094193,    6.384,  -10.648,    23.43,    34.92,   163.88,    0.000,     0.00,     7.44
 20080516, 014514.513352,    9.485,   -1.151,    66.69,    33.14,   258.52,    0.000,     0.00,    22.11
 20080516, 020828.024354,    8.219,   -6.552,     9.51,    33.68,   124.20,    0.000,     0.00,     2.33
 20080516, 020933.070997,   -1.748,  -10.448,    16.53,    18.65,    25.63,    0.000,     0.00,     3.75
 20080516, 021927.420599,   -3.390,   -2.356,     4.76,    43.89,    86.99,    0.000,     0.00,     1.61
 20080516, 025626.072585,    8.368,    9.378,    20.48,    19.07,    66.69,    0.000,     0.00,     5.08
 20080516, 030413.432692,    5.243,   -7.680,     9.03,    31.50,   298.06,    0.000,     0.00,     2.08
 20080516, 032648.219725,    3.600,   10.052,     8.03,    36.77,    45.65,    0.000,     0.00,     2.13
 20080516, 034021.650914,   -4.970,  -16.896,    27.17,    31.01,   131.03,    0.000,     0.00,     8.20
 20080516, 035335.209362,    3.844,   -8.447,     6.28,    32.27,   235.98,    0.000,     0.00,     1.45
 20080516, 040940.085233,   -8.674,   -0.312,    59.50,    18.13,   133.52,    0.000,     0.00,    17.23
 20080516, 041515.418305,   -7.630,   -3.999,    13.57,    41.89,   123.82,    0.000,     0.00,     5.03
 20080516, 041710.306492,   -2.863,  -12.229,    16.99,    20.36,    37.14,    0.000,     0.00,     4.06
 20080516, 044249.135215,    5.812,  -12.836,    22.30,    13.92,    51.03,    0.000,     0.00,     5.41
 20080516, 044530.280604,    3.412,   -0.861,    14.97,     9.86,   101.29,    0.000,     0.00,     3.00
 20080516, 045551.135305,    5.756,    5.976,    23.88,    18.23,    33.59,    0.000,     0.00,     6.24
 20080516, 052713.274064,   -2.703,  -15.034,     9.38,    26.45,    95.76,    0.000,     0.00,     2.01
 20080516, 061223.792157,    5.900,   -0.473,    13.30,    32.97,   165.67,    0.000,     0.00,     3.58
 20080516, 064136.761981,   -7.618,  -10.015,     8.20,    40.48,   173.27,    0.000,     0.00,     2.54
 20080516, 064859.699136,    7.948,   -7.095,    13.09,    36.41,    61.95,    0.000,     0.00,     3.89
 20080516, 070059.428032,    6.128,   -9.862,     6.65,    41.61,    81.71,    0.000,     0.00,     2.10
 20080516, 073454.358073,   -8.628,   -4.931,    19.51,    21.86,   103.81,    0.000,     0.00,     4.89
 20080516, 074141.696649,    5.019,  -13.349,    66.62,    25.00,   191.80,    0.000,     0.00,    19.81
 20080516, 074433.673165,   10.178,   -7.358,     7.18,    40.73,   284.24,    0.000,     0.00,     2.17
 20080516, 075156.491028,    2.282,   11.403,    19.01,    40.04,     4.65,    0.000,     0.00,     7.07
 20080516, 081325.946156,   -2.923,    7.131,    17.08,    34.63,   225.96,    0.000,     0.00,     5.24
 20080516, 082501.289680,    7.250,   11.386,    11.01,    30.37,    72.58,    0.000,     0.00,     2.55
 20080516, 084445.802007,    8.416,  -14.106,    35.81,    43.65,   117.44,    0.000,     0.00,    15.96
 20080516, 090129.063767,   -3.001,   -7.609,    13.59,    17.54,   127.45,    0.000,     0.00,     2.87
 20080516, 091452.657581,  -10.859,   -9.368,    28.55,    22.58,   171.77,    0.000,     0.00,     7.72
 20080516, 092250.325046,   11.283,  -10.687,    17.81,    38.03,    29.96,    0.000,     0.00,     6.23
 20080516, 092755.414911,   -3.336,  -10.853,     3.54,    37.09,   287.61,    0.000,     0.00,     1.02
 20080516, 094712.134258,    4.074,    7.941,     6.05,    42.13,   319.81,    0.000,     0.00,     1.89
 20080516, 095553.278265,    6.094,    5.603,    12.85,    34.55,   255.73,    0.000,     0.00,     3.61
 20080516, 095700.602056,    0.725,    7.857,    13.57,    40.82,    65.64,    0.000,     0.00,     4.84
 20080516, 100309.954937,   -3.146,    6.220,    19.29,    42.18,   233.61,    0.000,     0.00,     7.53
 20080516, 100841.801229,    9.587,   -6.661,    15.15,    24.52,   157.17,    0.000,     0.00,     3.63
 20080516, 101151.208050,    6.408,   -2.211,    26.19,     5.63,   347.78,    0.000,     0.00,     6.75
 20080516, 101456.753780,   10.013,   -3.537,    18.23,     6.42,   200.57,    0.000,     0.00,     3.94
 20080516, 102413.040628,    6.072,  -12.812,    11.46,    34.41,   256.15,    0.000,     0.00,     3.09
 20080516, 102528.892634,    7.388,    6.076,    12.32,     8.39,    98.73,    0.000,     0.00,     2.39
 20080516, 102602.155085,    8.862,   -9.112,    20.50,    33.27,   103.98,    0.000,     0.00,     6.21
 20080516, 104241.345948,   -3.731,   -7.454,     8.83,    31.62,    53.72,    0.000,     0.00,     2.03
 20080516, 105047.796132,   -5.376,   -6.101,    22.80,    29.20,   257.47,    0.000,     0.00,     6.60
 20080516, 110042.777878,    4.544,   -5.325,    17.17,    29.17,   326.27,    0.000,     0.00,     4.57
 20080516, 124452.493362,    3.176,   -9.812,    13.08,    32.81,    66.82,    0.000,     0.00,     3.50
 20080516, 125418.228080,   -8.005,   -5.009,    20.12,    40.27,   165.65,    0.000,     0.00,     7.63
 20080516, 130251.139206,    8.333,    5.528,    11.44,    25.66,    76.28,    0.000,     0.00,     2.53
 20080516, 130551.860293,   -2.941,   -3.856,    16.30,    17.12,    21.13,    0.000,     0.00,     3.68
 20080516, 130646.521708,    7.046,   -3.352,    11.02,    30.88,   158.37,    0.000,     0.00,     2.55
 20080516, 132231.107274,    5.184,   -7.211,     4.01,    34.98,    37.78,    0.000,     0.00,     1.07
 20080516, 133922.872892,   -9.975,  -13.486,    14.51,    25.66,   294.64,    0.000,     0.00,     3.46
 20080516, 134538.628645,   -4.507,   -8.647,     6.14,    34.76,   272.44,    0.000,     0.00,     1.52
 20080516, 142722.997321,   -9.521,   -9.039,     5.46,    41.26,   266.05,    0.000,     0.00,     1.68
 20080516, 145008.919356,    1.831,  -13.880,    12.33,    30.45,    39.58,    0.000,     0.00,     2.97
 20080516, 150911.135127,   -9.225,    0.203,     5.93,    38.79,   210.05,    0.000,     0.00,     1.60
 20080516, 151613.740274,    5.518,   -6.208,    13.80,    27.42,   124.76,    0.000,     0.00,     3.40
 20080516, 152005.808919,   -8.124,  -14.283,     5.57,    44.25,   292.46,    0.000,     0.00,     2.00
 20080516, 152517.679204,   -7.481,  -15.894,    26.28,    18.09,    27.90,    0.000,     0.00,     7.03
 20080516, 154507.011782,   -9.312,    0.192,     7.80,    31.74,   243.77,    0.000,     0.00,     1.77
 20080516, 161629.668604,    7.825,   -4.511,    18.14,    11.52,   246.83,    0.000,     0.00,     3.91
 20080516, 161949.256959,    4.075,    1.467,    41.16,    18.26,   118.45,    0.000,     0.00,    11.54
 20080516, 163649.713802,    4.551,  -10.683,    16.05,    41.98,    74.30,    0.000,     0.00,     6.14
 20080516, 164050.923082,    8.136,   -1.052,    11.53,    19.78,   318.57,    0.000,     0.00,     2.34
 20080516, 165028.194397,    9.498,  -11.115,    57.62,    29.26,   268.08,    0.000,     0.00,    17.93
 20080516, 171655.641500,   -0.349,   10.315,     7.50,    39.61,   335.54,    0.000,     0.00,     2.13
 20080516, 172318.686255,   12.418,   -5.965,     4.28,    38.61,   293.49,    0.000,     0.00,     1.21
 20080516, 175438.620020,   10.820,   -2.481,     8.33,    41.24,   117.24,    0.000,     0.00,     2.59
 20080516, 181331.775101,    5.383,   -0.382,    10.62,    25.12,   222.06,    0.000,     0.00,     2.25
 20080516, 181345.126784,    9.103,   -0.056,    20.99,    26.38,   156.33,    0.000,     0.00,     5.71
 20080516, 182930.688022,    4.283,  -10.559,    10.92,    40.66,    94.95,    0.000,     0.00,     3.66
 20080516, 190226.565887,   10.779,   -4.338,     4.93,    42.67,   354.38,    0.000,     0.00,     1.63
 20080516, 193117.621199,    8.342,  -10.266,    50.30,    12.36,   109.02,    0.000,     0.00,    14.20
 20080516, 195822.349754,    3.213,  -14.354,    19.39,    42.29,    53.40,    0.000,     0.00,     7.94
 20080516, 202642.666172,   -0.829,    7.497,    16.07,    38.05,   203.17,    0.000,     0.00,     5.53
 20080516, 203002.456504,    7.214,    6.736,    15.92,    21.79,    84.75,    0.000,     0.00,     3.72
 20080516, 203408.376985,    5.034,   12.218,     4.88,    43.06,   279.49,    0.000,     0.00,     1.62
 20080516, 213515.898999,  -11.345,   -6.619,    10.23,    42.37,    99.64,    0.000,     0.00,     3.73
 20080516, 214844.787774,   -6.180,  -11.219,    11.73,    34.26,    52.14,    0.000,     0.00,     3.19
 20080516, 221049.700570,   -7.009,  -11.651,    72.78,    36.66,   283.25,    0.000,     0.00,    25.61
 20080516, 221214.029071,  -10.857,   -6.835,    23.72,    25.50,   297.29,    0.000,     0.00,     6.63
 20080516, 221944.930241,   -5.700,  -12.906,     8.39,    26.36,   154.00,    0.000,     0.00,     1.80
 20080516, 222911.738952,    9.830,   -7.283,     4.44,    27.73,   179.87,    0.000,     0.00,     1.01
 20080516, 224436.180550,   -9.832,   -3.261,    15.57,    39.38,   297.38,    0.000,     0.00,     5.62
 20080516, 225305.206644,   -6.039,    0.726,    17.22,    26.72,   272.23,    0.000,     0.00,     4.39
 20080516, 225348.505437,   -7.677,    0.242,    13.52,    25.67,   256.25,    0.000,     0.00,     3.14
 20080516, 225431.378710,    4.124,    9.130,     8.30,    36.93,    41.56,    0.000,     0.00,     2.22
 20080516, 233313.347409,    5.344,   -0.095,     6.94,    43.97,   273.08,    0.000,     0.00,     2.45
 20080517, 001038.461669,    8.473,   10.063,    11.82,    41.63,   306.74,    0.000,     0.00,     4.25
 20080517, 004443.440157,    7.270,   -5.569,     5.44,     6.96,    22.78,    0.000,     0.00,     1.24
 20080517, 004719.086167,    3.098,   -2.199,     9.16,    34.79,   164.78,    0.000,     0.00,     2.31
 20080517, 013058.634125,    4.837,   -2.323,    40.89,    28.76,    62.00,    0.000,     0.00,    12.08
 20080517, 014503.849193,   -8.941,   -5.693,    39.05,    18.97,   131.78,    0.000,     0.00,    10.90
 20080517, 015421.593438,    7.553,  -14.432,     9.64,    23.17,   317.71,    0.000,     0.00,     2.00
 20080517, 020031.362099,   11.220,   -3.505,     4.92,    41.19,    10.98,    0.000,     0.00,     1.46
 20080517, 020348.638879,   10.920,   -1.291,    19.78,     9.60,    78.68,    0.000,     0.00,     4.44
 20080517, 020513.194524,    1.368,    9.648,     5.30,    37.31,   354.05,    0.000,     0.00,     1.41
 20080517, 022016.396833,  -10.560,   -1.828,    11.63,    27.93,    61.83,    0.000,     0.00,     2.69
 20080517, 023228.646437,   -3.398,  -13.268,    10.73,    40.94,    83.21,    0.000,     0.00,     3.58
 20080517, 030925.218044,    7.996,   -7.650,    14.52,    41.92,   136.96,    0.000,     0.00,     5.46
 20080517, 031423.338503,   -1.705,  -12.507,     8.00,    41.44,   221.60,    0.000,     0.00,     2.61
 20080517, 032124.121310,    6.174,    7.421,    23.26,    24.97,    10.07,    0.000,     0.00,     6.27
 20080517, 032211.040273,  -11.837,  -10.626,     3.53,    39.91,     7.39,    0.000,     0.00,     1.10
 20080517, 034831.526240,    2.628,  -16.938,    15.29,    29.25,    97.80,    0.000,     0.00,     4.00
 20080517, 041543.763106,   -8.062,   -5.895,     5.38,    24.14,   250.77,    0.000,     0.00,     1.18
 20080517, 042157.887774,    1.957,   -3.209,    10.75,    42.08,   263.25,    0.000,     0.00,     3.77
 20080517, 044513.364408,   11.888,   -2.739,    15.29,    25.34,    78.61,    0.000,     0.00,     3.72
 20080517, 044727.301298,    1.483,    7.098,    16.55,    29.71,    21.71,    0.000,     0.00,     4.45
 20080517, 045752.699434,    3.129,  -10.448,    12.39,    30.21,   111.93,    0.000,     0.00,     2.99
 20080517, 050447.778071,   -5.252,  -15.594,     5.82,    40.52,   173.29,    0.000,     0.00,     1.72
 20080517, 050804.923861,    8.043,  -10.306,     6.52,    44.92,    40.66,    0.000,     0.00,     2.57
 20080517, 050827.702371,    2.910,  -14.395,    10.80,    28.98,   241.79,    0.000,     0.00,     2.43
 20080517, 052141.110621,  -10.346,   -6.022,     4.10,    36.36,    18.64,    0.000,     0.00,     1.10
 20080517, 052315.148251,   -9.589,  -13.049,     7.07,    34.90,   213.79,    0.000,     0.00,     1.73
 20080517, 052320.911529,    8.493,   -0.194,    20.35,    15.84,   312.28,    0.000,     0.00,     4.75
 20080517, 053137.452865,   -2.100,  -13.006,     9.40,    25.38,   121.10,    0.000,     0.00,     2.02
 20080517, 054533.849657,   -5.411,  -11.473,    10.46,    40.02,    54.98,    0.000,     0.00,     3.27
 20080517, 061637.844192,    8.799,    6.675,    14.06,    43.92,   101.80,    0.000,     0.00,     5.89
 20080517, 061813.598216,   -3.022,   -3.408,    29.43,    26.23,   227.66,    0.000,     0.00,     8.45
 20080517, 063341.497103,    8.343,    0.656,    17.00,    42.03,   242.51,    0.000,     0.00,     6.55
 20080517, 065232.941260,    7.912,  -10.438,     7.37,    34.15,    46.98,    0.000,     0.00,     1.81
 20080517, 075700.206078,    8.514,  -11.642,     9.55,    22.66,   110.51,    0.000,     0.00,     1.97
 20080517, 075958.552245,   -2.883,    7.451,     9.71,    39.05,   196.04,    0.000,     0.00,     2.82
 20080517, 082647.864850,    3.386,   -1.618,    14.85,    25.25,   247.40,    0.000,     0.00,     3.58
 20080517, 083630.299696,  -11.147,   -3.005,     6.32,    37.90,   270.23,    0.000,     0.00,     1.65
 20080517, 084507.075253,   -7.949,   -9.339,    14.36,    26.59,   269.89,    0.000,     0.00,     3.41
 20080517, 093354.223412,  -10.971,    0.009,     7.42,    37.36,   359.39,    0.000,     0.00,     1.95
 20080517, 095320.146900,    6.634,    9.597,    36.92,    37.76,   185.92,    0.000,     0.00,    12.59
 20080517, 103308.176524,   -4.640,  -16.809,    13.71,    39.34,   167.51,    0.000,     0.00,     4.76
 20080517, 103629.164649,    9.532,   -0.645,    15.53,    11.86,   272.91,    0.000,     0.00,     3.15
 20080517, 110721.543322,    4.951,   -8.297,     6.48,    44.98,   216.71,    0.000,     0.00,     2.55
 20080517, 111457.681110,   -7.869,   -5.444,    12.09,    35.84,   181.27,    0.000,     0.00,     3.49
 20080517, 112108.985216,    3.506,   -3.630,    36.45,    30.75,    17.72,    0.000,     0.00,    10.89
 20080517, 112425.664387,    4.063,   12.368,    14.76,    38.01,   199.45,    0.000,     0.00,     4.97
 20080517, 112634.975224,   11.085,   -5.969,     5.32,    40.84,   192.53,    0.000,     0.00,     1.57
 20080517, 113525.226074,    8.257,    0.295,    52.42,    36.22,   309.78,    0.000,     0.00,    17.85
 20080517, 113931.609975,    3.390,  -11.287,     4.55,    44.81,   268.64,    0.000,     0.00,     1.58
 20080517, 121410.815129,    2.204,   -9.643,    24.98,    31.15,   152.87,    0.000,     0.00,     7.52
 20080517, 121440.161328,    9.125,   -1.667,    44.69,    18.28,   129.31,    0.000,     0.00,    12.62
 20080517, 122240.162135,   -6.794,    0.789,    28.46,    36.53,    90.87,    0.000,     0.00,     9.19
 20080517, 124112.500222,   -4.059,   -0.622,    13.08,    33.15,   128.47,    0.000,     0.00,     3.50
 20080517, 124420.335960,  -11.475,   -7.070,     8.19,    24.44,   115.90,    0.000,     0.00,     1.68
 20080517, 125312.139255,    4.389,   -7.811,    14.45,    36.82,   198.71,    0.000,     0.00,     4.63
 20080517, 131640.309163,    4.543,  -13.548,    16.68,    21.36,   333.06,    0.000,     0.00,     3.96
 20080517, 132449.828393,    3.549,  -12.818,     9.48,    41.52,   139.22,    0.000,     0.00,     3.22
 20080517, 134439.223199,    8.702,   -5.228,    10.62,    41.49,   161.57,    0.000,     0.00,     3.71
 20080517, 140739.486585,   -7.136,   -8.995,    22.48,    18.52,    54.06,    0.000,     0.00,     5.76
 20080517, 142020.151840,    7.762,    7.264,     3.51,    36.95,    96.57,    0.000,     0.00,     1.02
 20080517, 142030.288704,    7.191,  -15.195,     5.89,    42.39,   150.37,    0.000,     0.00,     1.98
 20080517, 144122.054732,    3.179,  -10.375,     9.92,    29.12,   294.37,    0.000,     0.00,     2.18
 20080517, 151325.193723,    5.691,   -9.240,    15.83,    38.16,    69.35,    0.000,     0.00,     5.43
 20080517, 151757.705946,    4.452,    1.190,    26.64,    30.69,   147.10,    0.000,     0.00,     7.79
 20080517, 152704.290940,    2.343,   -9.333,    10.12,    32.92,   168.74,    0.000,     0.00,     2.51
 20080517, 152731.922212,    9.915,   -2.738,    27.66,    35.80,   352.47,    0.000,     0.00,     8.94
 20080517, 165820.854997,    3.905,   -2.475,     5.69,    38.86,    71.64,    0.000,     0.00,     1.54
 20080517, 175838.557147,   -2.141,   -4.684,    12.26,     8.88,   327.45,    0.000,     0.00,     2.37
 20080517, 180051.693756,   -1.566,    8.967,    15.49,    30.28,    50.42,    0.000,     0.00,     4.07
 20080517, 183709.146955,    3.818,   -2.423,     8.99,    35.71,   155.70,    0.000,     0.00,     2.35
 20080517, 205456.734374,   -6.456,   -5.523,    15.22,    34.28,   148.01,    0.000,     0.00,     4.52
 20080517, 220453.732948,  -10.602,   -7.173,    10.85,    44.72,   223.74,    0.000,     0.00,     4.58
 20080517, 221316.513764,   -2.459,   -4.230,     6.65,    35.87,   268.26,    0.000,     0.00,     1.67
 20080517, 225346.326859,    3.911,   11.974,     4.58,     8.00,   210.31,    0.000,     0.00,     1.02
 20080517, 225849.864543,   -2.024,  -13.162,     3.81,    38.70,    98.68,    0.000,     0.00,     1.10
 20080517, 225930.929359,    5.219,    0.109,     6.67,    18.65,   222.31,    0.000,     0.00,     1.47
 20080517, 230640.180186,    8.143,    7.649,     7.44,    40.15,    35.71,    0.000,     0.00,     2.11
 20080517, 231131.516135,    9.329,    6.931,    11.38,    35.49,    42.52,    0.000,     0.00,     3.22
 20080517, 231712.589500,   -2.583,  -12.240,     8.82,    37.38,   285.40,    0.000,     0.00,     2.39
 20080517, 231933.761519,    6.947,   12.499,    11.41,    28.19,   138.57,    0.000,     0.00,     2.62
 20080517, 233010.667042,    4.532,   -5.896,    11.86,    30.80,    20.80,    0.000,     0.00,     2.82
 20080517, 233631.119249,    4.723,    9.660,     4.28,    34.17,   339.42,    0.000,     0.00,     1.14
