-25.0 0.0
-24.9 0.0
-24.8 0.0
-24.7 0.0
-24.6 0.0
-24.5 0.0
-24.4 0.0
-24.3 0.0
-24.2 0.0
-24.1 0.0
-24.0 0.0
-23.9 0.0
-23.8 0.0
-23.7 0.0
-23.6 0.0
-23.5 0.0
-23.4 0.0
-23.3 0.0
-23.2 0.0
-23.1 0.0
-23.0 0.0
-22.9 0.0
-22.8 0.0
-22.7 0.0
-22.6 0.0
-22.5 0.0
-22.4 0.0
-22.3 0.0
-22.2 0.0
-22.1 0.0
-22.0 0.0
-21.9 0.0
-21.8 0.0
-21.7 0.0
-21.6 0.0
-21.5 0.0
-21.4 0.0
-21.3 0.0
-21.2 0.0
-21.1 0.0
-21.0 0.0
-20.9 0.0
-20.8 0.0
-20.7 0.0
-20.6 0.0
-20.5 0.0
-20.4 0.0
-20.3 0.0
-20.2 0.0
-20.1 0.0
-20.0 0.0
-19.9 0.0
-19.8 0.0
-19.7 0.0
-19.6 0.0
-19.5 0.0
-19.4 0.0
-19.3 0.0
-19.2 0.0
-19.1 0.0
-19.0 0.0
-18.9 0.0
-18.8 0.0
-18.7 0.0
-18.6 0.0
-18.5 0.0
-18.4 0.0
-18.3 0.0
-18.2 0.0
-18.1 0.0
-18.0 0.0
-17.9 0.0
-17.8 0.0
-17.7 0.0
-17.6 0.0
-17.5 0.0
-17.4 0.0
-17.3 0.0
-17.2 0.0
-17.1 0.0
-17.0 0.0
-16.9 0.0
-16.8 0.0
-16.7 0.0
-16.6 0.0
-16.5 0.0
-16.4 0.0
-16.3 0.0
-16.2 0.0
-16.1 0.0
-16.0 0.0
-15.9 0.0
-15.8 0.0
-15.7 0.0
-15.6 0.0
-15.5 0.0
-15.4 0.0
-15.3 0.0
-15.2 0.0
-15.1 0.0
-15.0 0.0
-14.9 0.0
-14.8 0.0
-14.7 0.0
-14.6 0.0
-14.5 0.0
-14.4 0.0
-14.3 0.0
-14.2 0.0
-14.1 0.0
-14.0 0.0
-13.9 0.0
-13.8 0.0
-13.7 0.0
-13.6 0.0
-13.5 0.0
-13.4 0.0
-13.3 0.0
-13.2 0.0
-13.1 0.0
-13.0 0.0
-12.9 0.0
-12.8 0.0
-12.7 0.0
-12.6 0.0
-12.5 0.0
-12.4 0.0
-12.3 0.0
-12.2 0.0
-12.1 0.0
-12.0 0.0
-11.9 0.0
-11.8 0.0
-11.7 0.0
-11.6 0.0
-11.5 0.0
-11.4 0.0
-11.3 0.0
-11.2 0.0
-11.1 0.0
-11.0 0.0
-10.9 0.0
-10.8 0.0
-10.7 0.0
-10.6 0.0
-10.5 0.0
-10.4 0.0
-10.3 0.0
-10.2 0.0
-10.1 0.0
-10.0 0.0
-9.9 0.0
-9.8 0.0
-9.7 0.0
-9.6 0.0
-9.5 0.0
-9.4 0.0
-9.3 0.0
-9.2 0.0
-9.1 0.0
-9.0 0.0
-8.9 0.0
-8.8 0.0
-8.7 0.0
-8.6 0.0
-8.5 0.0
-8.4 0.0
-8.3 0.0
-8.2 0.0
-8.1 0.0
-8.0 0.0
-7.9 0.0
-7.8 0.0
-7.7 0.0
-7.6 0.0
-7.5 0.0
-7.4 0.0
-7.3 0.0
-7.2 0.0
-7.1 0.0
-7.0 0.0
-6.9 0.0
-6.8 0.0
-6.7 0.0
-6.6 0.0
-6.5 0.0
-6.4 0.0
-6.3 0.0
-6.2 0.0
-6.1 0.0
-6.0 0.0
-5.9 0.0
-5.8 0.0
-5.7 0.00247495313815
-5.6 0.013096972378
-5.5 0.0180740208795
-5.4 0.0223517886821
-5.3 0.0259287395919
-5.2 0.0288040294476
-5.1 0.0316840940335
-5.0 0.0338614409567
-4.9 0.0360427495931
-4.8 0.0382277958367
-4.7 0.0404163557844
-4.6 0.0426082057613
-4.5 0.044803122345
-4.4 0.0462939097672
-4.3 0.0484945963329
-4.2 0.0499909266331
-4.1 0.051489799783
-4.0 0.0529911423376
-3.9 0.054494880918
-3.8 0.0567080736742
-3.7 0.0582163812396
-3.6 0.0590197401122
-3.5 0.0605323304857
-3.4 0.0620469511363
-3.3 0.0635635291734
-3.2 0.0650819918021
-3.1 0.0666022663284
-3.0 0.0674173635751
-2.9 0.0689412870685
-2.8 0.07046683659
-2.7 0.0712871068296
-2.6 0.0728160143776
-2.5 0.073639445334
-2.4 0.075171533654
-2.3 0.0759980229117
-2.2 0.0775331151826
-2.1 0.0783625605443
-2.0 0.0799004804052
-1.9 0.0807327799078
-1.8 0.0815663078628
-1.7 0.0831084034165
-1.6 0.0839446460602
-1.5 0.0847820652757
-1.4 0.0863280102438
-1.3 0.0871680051773
-1.2 0.0880091249661
-1.1 0.0895585944077
-1.0 0.0904021514671
-0.9 0.0912467818454
-0.8 0.0920924715
-0.7 0.0936463820185
-0.6 0.0944943337629
-0.5 0.0953432934936
-0.4 0.0961932472325
-0.3 0.0970441810148
-0.2 0.0978960808896
-0.0999999999996 0.0994561079371
3.5527136788e-13 0.100310021627
0.1 0.101164850507
0.2 0.102020580701
0.3 0.102877198348
0.4 0.103734689603
0.5 0.104593040637
0.6 0.105452237637
0.7 0.106312266808
0.8 0.107173114371
0.9 0.108034766566
1.0 0.108897209651
1.1 0.1097604299
1.2 0.110624413606
1.3 0.111489147083
1.4 0.112354616663
1.5 0.113220808694
1.6 0.11408770955
1.7 0.114955305619
1.8 0.115823583313
1.9 0.116692529064
2.0 0.117562129323
2.1 0.118432370564
2.2 0.119303239283
2.3 0.120174721996
2.4 0.121046805241
2.5 0.121919475581
2.6 0.1227927196
2.7 0.123666523904
2.8 0.123833768356
2.9 0.124708787628
3.0 0.125584335752
3.1 0.126460399411
3.2 0.12733696531
3.3 0.128214020177
3.4 0.129091550769
3.5 0.129969543864
3.6 0.130140969827
3.7 0.131020044658
3.8 0.131899550934
3.9 0.132779475517
4.0 0.133659805293
4.1 0.134540527176
4.2 0.134714658533
4.3 0.135596365774
4.4 0.136478434357
4.5 0.137360851281
4.6 0.138243603575
4.7 0.138419711018
4.8 0.139303370681
4.9 0.140187335197
5.0 0.141071591684
5.1 0.14195612729
5.2 0.142134114152
5.3 0.143019479697
5.4 0.143905094105
5.5 0.14479094462
5.6 0.144970167439
5.7 0.145856788373
5.8 0.146743615364
5.9 0.147630635753
6.0 0.14781103612
6.1 0.148698767761
6.2 0.149586662965
6.3 0.149767664023
6.4 0.1506562288
6.5 0.151544927457
6.6 0.152433747506
6.7 0.152615826148
6.8 0.153505257224
6.9 0.154394780236
7.0 0.154577388167
7.1 0.155467480964
7.2 0.156357636399
7.3 0.156540743936
7.4 0.157431428099
7.5 0.158322145767
7.6 0.159212884707
7.7 0.159396928797
7.8 0.160288138862
7.9 0.161179341309
8.0 0.161363813987
8.1 0.162255446978
8.2 0.163147043632
8.3 0.163331915383
8.4 0.164223902201
8.5 0.165115824137
8.6 0.165301065498
8.7 0.166193337425
8.8 0.166378499362
8.9 0.167271097669
9.0 0.168163586373
9.1 0.168349070835
9.2 0.169241846071
9.3 0.170134483619
9.4 0.17032026129
9.5 0.171213145738
9.6 0.171398798198
9.7 0.17229190623
9.8 0.173184832581
9.9 0.173370731399
10.0 0.174263842045
10.1 0.175156743406
10.2 0.175342859434
10.3 0.176235906032
10.4 0.176421851265
10.5 0.177315020098
10.6 0.17820793641
10.7 0.178394052266
10.8 0.179287052115
10.9 0.179472969277
11.0 0.18036602986
11.1 0.180551737954
11.2 0.181444836537
11.3 0.182337624248
11.4 0.18252343912
11.5 0.183416226638
11.6 0.183601804665
11.7 0.184494569464
11.8 0.184679900315
11.9 0.185572619942
12.0 0.186464971252
12.1 0.186650345373
12.2 0.187542613841
12.3 0.187727713146
12.4 0.188619876535
12.5 0.18880469074
12.6 0.189696726887
12.7 0.189881245722
12.8 0.190773132543
12.9 0.191664579496
13.0 0.191849061238
13.1 0.192740321886
13.2 0.192924480804
13.3 0.193815533285
13.4 0.193999359163
13.5 0.194890181699
13.6 0.195073664333
13.7 0.195964235226
13.8 0.196147364429
13.9 0.197037662062
14.0 0.197220427663
14.1 0.198110430502
14.2 0.198292822345
14.3 0.19918250894
14.4 0.200071641942
14.5 0.200253865868
14.6 0.201142646826
14.7 0.201324469881
14.8 0.202212877585
14.9 0.202394289675
15.0 0.203282303002
15.1 0.20346329405
15.2 0.204350891964
15.3 0.20453145191
15.4 0.205418613461
15.5 0.205598732263
15.6 0.206485436592
15.7 0.206665104226
15.8 0.20755133056
15.9 0.20773053702
16.0 0.208616264678
16.1 0.208794999977
16.2 0.209680208368
16.3 0.209858462536
16.4 0.210036077439
16.5 0.210920894248
16.6 0.211098014835
16.7 0.211982264775
16.8 0.212158881118
16.9 0.21304254389
17.0 0.213218646082
17.1 0.21410170148
17.2 0.214277279634
17.3 0.215159707546
17.4 0.215334751795
17.5 0.216216532205
17.6 0.216391032702
17.7 0.217272145689
17.8 0.217446092608
17.9 0.218326518347
18.0 0.218499901884
18.1 0.218672619833
18.2 0.219552431018
18.3 0.219724572596
18.4 0.220603650618
18.5 0.220775206068
18.6 0.221653531412
18.7 0.221824490999
18.8 0.222702044248
18.9 0.222872398259
19.0 0.223042073362
19.1 0.223918898842
19.2 0.224087955492
19.3 0.224963963865
19.4 0.225132392398
19.5 0.226007564566
19.6 0.226175355344
19.7 0.227049672312
19.8 0.227216815718
19.9 0.227383266983
20.0 0.228256745035
20.1 0.228422536168
20.2 0.229295114935
20.3 0.229460236374
20.4 0.230331897187
20.5 0.230496339393
20.6 0.230660079467
20.7 0.231530817147
20.8 0.231693865323
20.9 0.232563641687
21.0 0.232725988481
21.1 0.233594785196
21.2 0.233756421148
21.3 0.233917345038
21.4 0.234785135663
21.5 0.234945336146
21.6 0.235812104497
21.7 0.235971572169
21.8 0.236130321031
21.9 0.236996025739
22.0 0.237154029295
22.1 0.238018669619
22.2 0.238175918524
22.3 0.238332441905
22.4 0.239195961645
22.5 0.239351717951
22.6 0.240214131719
22.7 0.240369111666
22.8 0.240523359407
22.9 0.241384596274
23.0 0.241538055305
23.1 0.242398145137
23.2 0.242550806236
23.3 0.242702728482
23.4 0.243561585727
23.5 0.243712697765
23.6 0.244570367449
23.7 0.244720660117
23.8 0.244870207324
23.9 0.245726589373
24.0 0.245875305012
24.1 0.246730459511
24.2 0.246878334485
24.3 0.247025457424
24.4 0.24787926989
24.5 0.248025540045
24.6 0.248171054671
24.7 0.249023493856
24.8 0.249168143624
24.9 0.25001929332
25.0 0.250163069232
25.1 0.250306083105
25.2 0.251155806134
25.3 0.25129793416
25.4 0.251439296688
25.5 0.252287562359
25.6 0.252428027094
25.7 0.253274942663
25.8 0.25341450071
25.9 0.253553286813
26.0 0.254398692673
26.1 0.254536560227
26.2 0.254673652419
26.3 0.255517518446
26.4 0.255653680275
26.5 0.255789063339
26.6 0.256631359611
26.7 0.256765800547
26.8 0.257606666069
26.9 0.257740156128
27.0 0.257872861067
27.1 0.258712105908
27.2 0.258843848292
27.3 0.258974802193
27.4 0.259812397014
27.5 0.259942376732
27.6 0.26007156462
27.7 0.260907480286
27.8 0.261035682414
27.9 0.261163089382
28.0 0.261997296969
28.1 0.262123706649
28.2 0.262249317855
28.3 0.263081788645
28.4 0.263206391087
28.5 0.264037312087
28.6 0.264160897247
28.7 0.264283677728
28.8 0.265112813237
28.9 0.265234565053
29.0 0.265355508919
29.1 0.266182830821
29.2 0.266302734691
29.3 0.266421827357
29.4 0.267247307752
29.5 0.267365349144
29.6 0.267482576095
29.7 0.268306187296
29.8 0.268422351749
29.9 0.268537698541
30.0 0.269359413078
30.1 0.269473686201
30.2 0.269587138461
30.3 0.270406929082
30.4 0.270519296556
30.5 0.270630839982
30.6 0.271448679652
30.7 0.271559127232
30.8 0.271668747595
30.9 0.271777540408
31.0 0.27259312301
31.1 0.272700806155
31.2 0.272807658606
31.3 0.273621229042
31.4 0.273726960886
31.5 0.27383185891
31.6 0.274643390846
31.7 0.274747157382
31.8 0.27485008699
31.9 0.275659554313
32.0 0.275761341607
32.1 0.275862288885
32.2 0.276669665707
32.3 0.276769459903
32.4 0.276868411011
32.5 0.277673671669
32.6 0.277771458985
32.7 0.277868400161
32.8 0.277964494901
32.9 0.278767285949
33.0 0.278862203506
33.1 0.278956271601
33.2 0.27975688827
33.3 0.279849768601
33.4 0.279941796461
33.5 0.280740213807
33.6 0.280831043381
33.7 0.280921017496
33.8 0.281010135876
33.9 0.281805976169
34.0 0.281893883105
34.1 0.281980931344
34.2 0.282774515673
34.3 0.282860342078
34.4 0.282945306842
34.5 0.283736610992
34.6 0.283820343593
34.7 0.283903211628
34.8 0.283985214845
34.9 0.284773837219
35.0 0.284854595353
35.1 0.28493448577
35.2 0.28572077292
35.3 0.285799408061
35.4 0.285877172607
35.5 0.285954066321
35.6 0.286737600193
35.7 0.286813225878
35.8 0.286887977879
35.9 0.287669122587
36.0 0.287742596503
36.1 0.287815193905
36.2 0.287886914572
36.3 0.288665235803
36.4 0.288735665801
36.5 0.28880521626
36.6 0.289581095501
36.7 0.289649345375
36.8 0.289716712926
36.9 0.28978319795
37.0 0.290556184835
37.1 0.290621356862
37.2 0.290685643607
37.3 0.290749044872
37.4 0.29151910077
37.5 0.291581176725
37.6 0.291642364473
37.7 0.292409897758
37.8 0.292469750498
37.9 0.292528712325
38.0 0.292586783059
38.1 0.29335131853
38.2 0.293408042118
38.3 0.293463871934
38.4 0.293518807809
38.5 0.294280307952
38.6 0.294333884641
38.7 0.294386564738
38.8 0.295145464341
38.9 0.295196775781
39.0 0.295247188
39.1 0.295296700846
39.2 0.296052500371
39.3 0.296100632699
39.4 0.296147863053
39.5 0.296194191289
39.6 0.296946854356
39.7 0.296991790316
39.8 0.297035821587
39.9 0.297078948036
40.0 0.297828438662
40.1 0.297870161176
40.2 0.297910976326
40.3 0.297950883988
40.4 0.298697166596
40.5 0.298735658766
40.6 0.298773240936
40.7 0.298809912991
40.8 0.299552952406
40.9 0.299588197516
41.0 0.299622530029
41.1 0.299655949839
41.2 0.300395711293
41.3 0.300427692808
41.4 0.300458759167
41.5 0.300488910278
41.6 0.30122535941
41.7 0.301254060978
41.8 0.301281844873
41.9 0.301308711012
42.0 0.302041813869
42.1 0.302067219323
42.2 0.302091704629
42.3 0.30211526971
42.4 0.302137914496
42.5 0.302867086108
42.6 0.302888256882
42.7 0.302908505006
42.8 0.302927830418
42.9 0.303653580564
43.0 0.303671421053
43.1 0.303688336506
43.2 0.303704326872
43.3 0.304426622899
43.4 0.304441117538
43.5 0.304454684796
43.6 0.304467324633
43.7 0.304479037009
43.8 0.305197267713
43.9 0.305207471441
44.0 0.305216745455
44.1 0.305225089725
44.2 0.30593979394
44.3 0.305946618993
44.4 0.30595251208
44.5 0.305957473183
44.6 0.306668619569
44.7 0.306672050994
44.8 0.306674548244
44.9 0.306676111309
45.0 0.306676740186
45.1 0.30738369198
45.2 0.307382778674
45.3 0.307380929026
45.4 0.307378143043
45.5 0.307374420733
45.6 0.3080771291
45.7 0.308071852257
45.8 0.308065636974
45.9 0.308058483269
46.0 0.308757526254
46.1 0.308748807929
46.2 0.308739149101
46.3 0.3087285498
46.4 0.308717010059
46.5 0.309411723977
46.6 0.309398607556
46.7 0.309384548654
46.8 0.309369547313
46.9 0.309353603578
47.0 0.310043941486
47.1 0.310026409174
47.2 0.310007932468
47.3 0.309988511424
47.4 0.309968146101
47.5 0.310654061721
47.6 0.310632096083
47.7 0.310609184207
47.8 0.310585326161
47.9 0.310560522018
48.0 0.311241969741
48.1 0.311215553708
48.2 0.311188189659
48.3 0.311159877677
48.4 0.311130617848
48.5 0.311807552736
48.6 0.311776669606
48.7 0.311744836749
48.8 0.311712054264
48.9 0.31167832225
49.0 0.311643640809
49.1 0.312315333475
49.2 0.312279015545
49.3 0.312241746358
49.4 0.312203526029
49.5 0.312164354674
49.6 0.312831437169
49.7 0.312790618269
49.8 0.312748846554
49.9 0.312706122151
50.0 0.312662445192
50.1 0.312617815808
50.2 0.313279539309
50.3 0.31323324961
50.4 0.313186005749
50.5 0.313137807869
50.6 0.313088656117
50.7 0.313745675226
50.8 0.313694852464
50.9 0.313643074134
51.0 0.313590340392
51.1 0.3135366514
51.2 0.313482007321
51.3 0.314133554236
51.4 0.314077226802
51.5 0.314019942635
51.6 0.313961701908
51.7 0.3139025048
51.8 0.31384235149
51.9 0.314488365447
52.0 0.314426516668
52.1 0.314363710092
52.2 0.314299945909
52.3 0.314235224314
52.4 0.314169545504
52.5 0.314102909679
52.6 0.314742580608
52.7 0.314674235686
52.8 0.314604932212
52.9 0.314534670397
53.0 0.314463450455
53.1 0.314391272603
53.2 0.315025281387
53.3 0.314951382823
53.4 0.314876524863
53.5 0.314800707735
53.6 0.314723931669
53.7 0.314646196899
53.8 0.314567503662
53.9 0.315195019151
54.0 0.315114592151
54.1 0.315033205258
54.2 0.31495085872
54.3 0.314867552786
54.4 0.314783287711
54.5 0.314698063752
54.6 0.31531900663
54.7 0.315232036167
54.8 0.315144105453
54.9 0.315055214756
55.0 0.314965364346
55.1 0.314874554496
55.2 0.314782785484
55.3 0.314690057589
55.4 0.315303550002
55.5 0.31520906159
55.6 0.315113612996
55.7 0.315017204512
55.8 0.31491983643
55.9 0.314821509049
56.0 0.314722222666
56.1 0.314621977585
56.2 0.315227917402
56.3 0.315125898191
56.4 0.315022919051
56.5 0.314918980297
56.6 0.314814082245
56.7 0.314708225215
56.8 0.314601409529
56.9 0.314493635512
57.0 0.314384903493
57.1 0.314982361365
57.2 0.314871840518
57.3 0.314760360517
57.4 0.314647921701
57.5 0.314534524413
57.6 0.314420168998
57.7 0.314304855805
57.8 0.314188585185
57.9 0.314071357492
58.0 0.313953173083
58.1 0.314541176269
58.2 0.314421187408
58.3 0.314300240765
58.4 0.314178336709
58.5 0.314055475612
58.6 0.313931657847
58.7 0.313806883792
58.8 0.313681153826
58.9 0.313554468334
59.0 0.3134268277
59.1 0.313298232314
59.2 0.313168682566
59.3 0.313745344845
59.4 0.313613972911
59.5 0.313481645655
59.6 0.31334836348
59.7 0.313214126791
59.8 0.313078935997
59.9 0.312942791511
60.0 0.312805693747
60.1 0.312667643122
60.2 0.312528640057
60.3 0.312388684977
60.4 0.312247778305
60.5 0.312105920474
60.6 0.311963111913
60.7 0.311819353058
60.8 0.31238178248
60.9 0.312236180743
61.0 0.31208962788
61.1 0.311942124339
61.2 0.311793670567
61.3 0.311644267018
61.4 0.311493914147
61.5 0.311342612411
61.6 0.311190362271
61.7 0.311037164192
61.8 0.31088301864
61.9 0.310727926084
62.0 0.310571886996
62.1 0.310414901853
62.2 0.310256971133
62.3 0.310098095315
62.4 0.309938274886
62.5 0.30977751033
62.6 0.309615802139
62.7 0.309453150804
62.8 0.309289556821
62.9 0.309125020688
63.0 0.308959542907
63.1 0.308793123982
63.2 0.308625764419
63.3 0.308457464729
63.4 0.308288225423
63.5 0.308118047019
63.6 0.307946930033
63.7 0.307774874988
63.8 0.307601882407
63.9 0.307427952817
64.0 0.307253086748
64.1 0.307077284733
64.2 0.306900547308
64.3 0.30672287501
64.4 0.306544268381
64.5 0.306364727966
64.6 0.30618425431
64.7 0.306002847963
64.8 0.305820509479
64.9 0.305637239413
65.0 0.305453038323
65.1 0.305267906769
65.2 0.305081845317
65.3 0.304894854533
65.4 0.304706934986
65.5 0.304518087248
65.6 0.304328311896
65.7 0.304137609507
65.8 0.303945980662
65.9 0.303753425945
66.0 0.303559945943
66.1 0.303365541244
66.2 0.30246311407
66.3 0.302266921772
66.4 0.302069808716
66.5 0.301871775504
66.6 0.301672822737
66.7 0.301472951023
66.8 0.30127216097
66.9 0.30107045319
67.0 0.300867828297
67.1 0.300664286909
67.2 0.300459829644
67.3 0.300254457127
67.4 0.299341081758
67.5 0.299133970035
67.6 0.298925947097
67.7 0.29871701358
67.8 0.298507170118
67.9 0.298296417352
68.0 0.298084755923
68.1 0.297872186476
68.2 0.297658709659
68.3 0.296737301475
68.4 0.296522124254
68.5 0.296306043776
68.6 0.296089060698
68.7 0.295871175681
68.8 0.295652389389
68.9 0.295432702489
69.0 0.294505130521
69.1 0.294283775468
69.2 0.294061523975
69.3 0.29383837672
69.4 0.293614334382
69.5 0.292682316097
69.6 0.29245663107
69.7 0.292230055169
69.8 0.292002589085
69.9 0.291774233511
70.0 0.290837902213
70.1 0.290607929552
70.2 0.290377071649
70.3 0.290145329208
70.4 0.289912702933
70.5 0.288972192308
70.6 0.288737974687
70.7 0.288502877519
70.8 0.288266901522
70.9 0.287323036582
71.0 0.287085491511
71.1 0.286847071927
71.2 0.286607778558
71.3 0.285660656204
71.4 0.285419816117
71.5 0.285178106592
71.6 0.28422848311
71.7 0.283985245672
71.8 0.283741143166
71.9 0.282789083943
72.0 0.282543472375
72.1 0.282297000131
72.2 0.28134257062
72.3 0.281094608208
72.4 0.280845789534
72.5 0.279889055247
72.6 0.279638765344
72.7 0.279387623612
72.8 0.278428650115
72.9 0.278176056136
73.0 0.277922614784
73.1 0.276961467696
73.2 0.276706593117
73.3 0.275743913086
73.4 0.275487620629
73.5 0.274523447125
73.6 0.274265752153
73.7 0.273300124649
73.8 0.273041042542
73.9 0.272781128705
74.0 0.271813546668
74.1 0.271552264831
74.2 0.270583319418
74.3 0.270320684999
74.4 0.269350415691
74.5 0.268379366946
74.6 0.268114890401
74.7 0.26714258503
74.8 0.266876798469
74.9 0.265903275939
75.0 0.265636194826
75.1 0.264661494597
75.2 0.263686117297
75.3 0.263417295933
75.4 0.262440808132
75.5 0.261463690009
75.6 0.261193176008
75.7 0.260215014532
75.8 0.259236269429
75.9 0.258964110421
76.0 0.257984389057
76.1 0.257004130706
76.2 0.256023354304
76.3 0.255749206747
76.4 0.254767548749
76.5 0.253785419245
76.6 0.252802837124
76.7 0.251819821266
76.8 0.25083639053
76.9 0.249852563762
77.0 0.249575490884
77.1 0.248590959653
77.2 0.247606078723
77.3 0.246620866887
77.4 0.245635342918
77.5 0.244649525576
77.6 0.2436634336
77.7 0.24267708571
77.8 0.240983402778
77.9 0.239996648511
78.0 0.239009704379
78.1 0.238022589013
78.2 0.237035321023
78.3 0.236047918997
78.4 0.234353343036
78.5 0.233365842053
78.6 0.232378272574
78.7 0.230683571844
78.8 0.229696068159
78.9 0.228708561211
79.0 0.227014080597
79.1 0.226026803361
79.2 0.224332601048
79.3 0.223345670234
79.4 0.221651919461
79.5 0.219958396257
79.6 0.21897232453
79.7 0.217279527592
79.8 0.215587120806
79.9 0.2138951643
80.0 0.212203718015
80.1 0.210512841695
80.2 0.208822594886
80.3 0.207133036934
80.4 0.205444226977
80.5 0.203756223946
80.6 0.202069086561
80.7 0.200382873323
80.8 0.19799062748
80.9 0.196306567981
81.0 0.193916607445
81.1 0.192235009053
81.2 0.18984773064
81.3 0.187461914047
81.4 0.185077683138
81.5 0.18269516102
81.6 0.180314470029
81.7 0.177935731715
81.8 0.174851979044
81.9 0.172477620257
82.0 0.169398537105
82.1 0.167029144568
82.2 0.163955439584
82.3 0.160177589772
82.4 0.157110072174
82.5 0.154045964039
82.6 0.150278456522
82.7 0.146514920488
82.8 0.14275567667
82.9 0.138293957064
83.0 0.134544374451
83.1 0.129386037004
83.2 0.124940753353
83.3 0.119794836191
83.4 0.113948919259
83.5 0.108110858194
83.6 0.101574383133
83.7 0.0950476559883
83.8 0.0871177232937
83.9 0.0784933086353
84.0 0.0684694899808
84.1 0.0556352357734
84.2 0.0392888051917
84.3 0.0
84.4 0.0
84.5 0.0
84.6 0.0
84.7 0.0
84.8 0.0
84.9 0.0
85.0 0.0
85.1 0.0
85.2 0.0
85.3 0.0
85.4 0.0
85.5 0.0
85.6 0.0
85.7 0.0
85.8 0.0
85.9 0.0
86.0 0.0
86.1 0.0
86.2 0.0
86.3 0.0
86.4 0.0
86.5 0.0
86.6 0.0
86.7 0.0
86.8 0.0
86.9 0.0
87.0 0.0
87.1 0.0
87.2 0.0
87.3 0.0
87.4 0.0
87.5 0.0
87.6 0.0
87.7 0.0
87.8 0.0
87.9 0.0
88.0 0.0
88.1 0.0
88.2 0.0
88.3 0.0
88.4 0.0
88.5 0.0
88.6 0.0
88.7 0.0
88.8 0.0
88.9 0.0
89.0 0.0
89.1 0.0
89.2 0.0
89.3 0.0
89.4 0.0
89.5 0.0
89.6 0.0
89.7 0.0
89.8 0.0
89.9 0.0
