-25.0 0.0
-24.9 0.0
-24.8 0.0
-24.7 0.0
-24.6 0.0
-24.5 0.0
-24.4 0.0
-24.3 0.0
-24.2 0.0
-24.1 0.0
-24.0 0.0
-23.9 0.0
-23.8 0.0
-23.7 0.0
-23.6 0.0
-23.5 0.0
-23.4 0.0
-23.3 0.0
-23.2 0.0
-23.1 0.0
-23.0 0.0
-22.9 0.0
-22.8 0.0
-22.7 0.0
-22.6 0.0
-22.5 0.0
-22.4 0.0
-22.3 0.0
-22.2 0.0
-22.1 0.0
-22.0 0.0
-21.9 0.0
-21.8 0.0
-21.7 0.0
-21.6 0.0
-21.5 0.0
-21.4 0.0
-21.3 0.0
-21.2 0.0
-21.1 0.0
-21.0 0.0
-20.9 0.0
-20.8 0.0
-20.7 0.0
-20.6 0.0
-20.5 0.0
-20.4 0.0
-20.3 0.0
-20.2 0.0
-20.1 0.0
-20.0 0.0
-19.9 0.0
-19.8 0.0
-19.7 0.0
-19.6 0.0
-19.5 0.0
-19.4 0.0
-19.3 0.0
-19.2 0.0
-19.1 0.0
-19.0 0.0
-18.9 0.0
-18.8 0.0
-18.7 0.0
-18.6 0.0
-18.5 0.0
-18.4 0.0
-18.3 0.0
-18.2 0.0
-18.1 0.0
-18.0 0.0
-17.9 0.0
-17.8 0.0
-17.7 0.0
-17.6 0.0
-17.5 0.0
-17.4 0.0
-17.3 0.0
-17.2 0.0
-17.1 0.0
-17.0 0.0
-16.9 0.0
-16.8 0.0
-16.7 0.0
-16.6 0.0
-16.5 0.0
-16.4 0.0
-16.3 0.0
-16.2 0.0
-16.1 0.0
-16.0 0.0
-15.9 0.0
-15.8 0.0
-15.7 0.00200761967469
-15.6 0.0117779519709
-15.5 0.0164011924957
-15.4 0.0198872408461
-15.3 0.0228077292865
-15.2 0.0257350905915
-15.1 0.0280950429112
-15.0 0.0304605294343
-14.9 0.0322575969926
-14.8 0.0346329595437
-14.7 0.0364392740501
-14.6 0.0382497807175
-14.5 0.0400642622684
-14.4 0.0413090142851
-14.3 0.0431309925321
-14.2 0.0449563622834
-14.1 0.0462116360508
-14.0 0.0474700312098
-13.9 0.0493051492143
-13.8 0.0505697271582
-13.7 0.0518371811318
-13.6 0.0531074398638
-13.5 0.0543804321005
-13.4 0.0556560866103
-13.3 0.0569343321877
-13.2 0.058215097658
-13.1 0.0594983118812
-13.0 0.0607839037564
-12.9 0.0620718022265
-12.8 0.0633619362817
-12.7 0.0640807842075
-12.6 0.0653753981528
-12.5 0.0666720660572
-12.4 0.0673972022861
-12.3 0.0686980660558
-12.2 0.0700008025087
-12.1 0.0707319623222
-12.0 0.0720386111379
-11.9 0.0727734824673
-11.8 0.0740838708165
-11.7 0.0748223543953
-11.6 0.0761363096913
-11.5 0.076878306348
-11.4 0.0781956562738
-11.3 0.0789410669491
-11.2 0.080261639485
-11.1 0.0810103652478
-11.0 0.0817605321773
-10.9 0.0830859307628
-10.8 0.0838392774979
-10.7 0.084594015293
-10.6 0.0859239214931
-10.5 0.0866817040909
-10.4 0.0874408277279
-10.3 0.0887749240056
-10.2 0.089536957764
-10.1 0.0903002826431
-10.0 0.0910648850812
-9.9 0.0924043531395
-9.8 0.0931716951431
-9.7 0.093940264935
-9.6 0.0947100489903
-9.5 0.0954810337918
-9.4 0.09625320583
-9.3 0.097600254569
-9.2 0.0983749241279
-9.1 0.0991507314004
-9.0 0.0999276629243
-8.9 0.100705705247
-8.8 0.101484844926
-8.7 0.102265068529
-8.6 0.103046362636
-8.5 0.104402297634
-8.4 0.105185777153
-8.3 0.105970278046
-8.2 0.106755786952
-8.1 0.107542290521
-8.0 0.108329775418
-7.9 0.10911822832
-7.8 0.109907635918
-7.7 0.110697984917
-7.6 0.111489262035
-7.5 0.112281454005
-7.4 0.113074547575
-7.3 0.113868529509
-7.2 0.114663386585
-7.1 0.115459105597
-7.0 0.116255673355
-6.9 0.117053076685
-6.8 0.117851302431
-6.7 0.118650337453
-6.6 0.119450168627
-6.5 0.12025078285
-6.4 0.120478662672
-6.3 0.121280903574
-6.2 0.122083896921
-6.1 0.122887629661
-6.0 0.123692088764
-5.9 0.124497261219
-5.8 0.125303134033
-5.7 0.126109694233
-5.6 0.126916928868
-5.5 0.127724825006
-5.4 0.12795986621
-5.3 0.128769225208
-5.2 0.129579215469
-5.1 0.130389824126
-5.0 0.131201038335
-4.9 0.13201284527
-4.8 0.132825232132
-4.7 0.133064687814
-4.6 0.13387842702
-4.5 0.134692716191
-4.4 0.135507542598
-4.3 0.136322893535
-4.2 0.137138756319
-4.1 0.137381675988
-4.0 0.138198798562
-3.9 0.139016403277
-3.8 0.139834477526
-3.7 0.140653008729
-3.6 0.140898515874
-3.5 0.141718231942
-3.4 0.142538375476
-3.3 0.143358933977
-3.2 0.144179894969
-3.1 0.14442789838
-3.0 0.145249969791
-2.9 0.146072414439
-2.8 0.146895219932
-2.7 0.147144923833
-2.6 0.147968782523
-2.5 0.148792972987
-2.4 0.149617482923
-2.3 0.149868832065
-2.2 0.150694338278
-2.1 0.151520135083
-2.0 0.152346210268
-1.9 0.152599149473
-1.8 0.153426164336
-1.7 0.154253428896
-1.6 0.155080931039
-1.5 0.155335405215
-1.4 0.156163790768
-1.3 0.156992385425
-1.2 0.157247692861
-1.1 0.158077131322
-1.0 0.158906750555
-0.9 0.15973653861
-0.8 0.159993286634
-0.7 0.160823862816
-0.6 0.161654579705
-0.5 0.161912093433
-0.4 0.162743559257
-0.3 0.163575137826
-0.2 0.163833389125
-0.0999999999996 0.164665677612
3.5527136788e-13 0.165498051039
0.1 0.165757011808
0.2 0.166590056315
0.3 0.167423158117
0.4 0.167682800295
0.5 0.168516534524
0.6 0.169350298566
0.7 0.169610594131
0.8 0.170444952137
0.9 0.17127931264
1.0 0.171540233613
1.1 0.17237514981
1.2 0.173210041359
1.3 0.173471559809
1.4 0.17430696898
1.5 0.175142326531
1.6 0.175404414574
1.7 0.176240251879
1.8 0.177076010768
1.9 0.177338640575
2.0 0.178174841555
2.1 0.178437460348
2.2 0.1792740813
2.3 0.180110581891
2.4 0.180373697858
2.5 0.181210581084
2.6 0.182047317618
2.7 0.18231090307
2.8 0.183147985124
2.9 0.183411515904
3.0 0.184248921652
3.1 0.185086139495
3.2 0.185350095394
3.3 0.186187600159
3.4 0.186451474609
3.5 0.18728924466
3.6 0.188126786052
3.7 0.188391041401
3.8 0.189228811662
3.9 0.18949295886
4.0 0.190330936546
4.1 0.191168645292
4.2 0.191433129327
4.3 0.192271009446
4.4 0.192535358707
4.5 0.193373388955
4.6 0.193637593467
4.7 0.194475752672
4.8 0.195313588636
4.9 0.195578069532
5.0 0.19641599891
5.1 0.196680308551
5.2 0.197518310377
5.3 0.19778243883
5.4 0.198620492214
5.5 0.199458168971
5.6 0.19972251368
5.7 0.20056020698
5.8 0.200824344123
5.9 0.201662033289
6.0 0.201925952978
6.1 0.202763617412
6.2 0.20302730977
6.3 0.203864928949
6.4 0.204702105114
6.5 0.204965937593
6.6 0.205803034181
6.7 0.206066613128
6.8 0.206903609841
6.9 0.207166925431
7.0 0.208003802053
7.1 0.208266844473
7.2 0.209103580868
7.3 0.20936634032
7.4 0.210202916434
7.5 0.211038971156
7.6 0.211301778993
7.7 0.212137639984
7.8 0.212400138888
7.9 0.21323578633
8.0 0.213497966559
8.1 0.214333380718
8.2 0.214595232545
8.3 0.215430393772
8.4 0.215691907487
8.5 0.216526796218
8.6 0.216787962125
8.7 0.217622558886
8.8 0.217883367305
8.9 0.218717652705
9.0 0.218978093973
9.1 0.219812048711
9.2 0.220072113182
9.3 0.220905718044
9.4 0.221165396089
9.5 0.221998631951
9.6 0.222257913958
9.7 0.223090761786
9.8 0.223349638159
9.9 0.224182079008
10.0 0.224440540171
10.1 0.22527255519
10.2 0.225530591583
10.3 0.226362162009
10.4 0.226619764091
10.5 0.227450871256
10.6 0.227708029506
10.7 0.228538654834
10.8 0.228795359748
10.9 0.229625484755
11.0 0.22988172685
11.1 0.230711333149
11.2 0.230967102958
11.3 0.231796172255
11.4 0.232051460335
11.5 0.232879974431
11.6 0.233134771356
11.7 0.23396271215
11.8 0.234217008514
11.9 0.235044358
12.0 0.235298144419
12.1 0.236124884688
12.2 0.236378151798
12.3 0.236630698859
12.4 0.237457003497
12.5 0.237709018619
12.6 0.238534672482
12.7 0.238786146347
12.8 0.239611131838
12.9 0.239862055149
13.0 0.240686354773
13.1 0.240936718255
13.2 0.241760314615
13.3 0.242010109015
13.4 0.242832984817
13.5 0.243082200903
13.6 0.243904338952
13.7 0.244152967517
13.8 0.24440085235
13.9 0.245222382579
14.0 0.245469667448
14.1 0.246290419936
14.2 0.246537095682
14.3 0.247357053562
14.4 0.247603111049
14.5 0.248422257556
14.6 0.248667687674
14.7 0.249486006148
14.8 0.249730799808
14.9 0.249974832745
15.0 0.250792421831
15.1 0.251035806013
15.2 0.251852528253
15.3 0.252095254645
15.4 0.252911093712
15.5 0.253153153303
15.6 0.253968092979
15.7 0.254209476784
15.8 0.254450086223
15.9 0.255264200013
16.0 0.255504121492
16.1 0.256317298049
16.2 0.256556522638
16.3 0.257368746085
16.4 0.257607264878
16.5 0.257844998956
16.6 0.258656323563
16.7 0.258893339771
16.8 0.259703674179
16.9 0.259939963668
17.0 0.260749292345
17.1 0.260984846295
17.2 0.261219605239
17.3 0.262027963434
17.4 0.262261974865
17.5 0.263069291006
17.6 0.263302546161
17.7 0.264108805067
17.8 0.264341295209
17.9 0.264572980122
18.0 0.265378198233
18.1 0.265609106266
18.2 0.266413231594
18.3 0.26664335407
18.4 0.267446371792
18.5 0.267675700062
18.6 0.267904212946
18.7 0.268706120912
18.8 0.268933827831
18.9 0.269734593427
19.0 0.269961485794
19.1 0.270187555812
19.2 0.270987163815
19.3 0.271212407598
19.4 0.272010839015
19.5 0.272235248039
19.6 0.273032488656
19.7 0.273256054427
19.8 0.273478787813
19.9 0.274274804197
20.0 0.27449668276
20.1 0.275291474929
20.2 0.275512490238
20.3 0.275732666288
20.4 0.276526188
20.5 0.276745489306
20.6 0.277537753945
20.7 0.277756172143
20.8 0.277973744247
20.9 0.27876469287
21.0 0.278981370459
21.1 0.27977102971
21.2 0.279986804483
21.3 0.280201726367
21.4 0.280990024717
21.5 0.281204032462
21.6 0.281991009707
21.7 0.28220409508
21.8 0.28241632081
21.9 0.283201892946
22.0 0.283413185064
22.1 0.284197404931
22.2 0.284407755274
22.3 0.284617239262
22.4 0.285400010493
22.5 0.285608541551
22.6 0.286389929922
22.7 0.286597499957
22.8 0.286804196965
22.9 0.287584093863
23.0 0.28778981878
23.1 0.288568302804
23.2 0.288773047606
23.3 0.288976912756
23.4 0.28975386316
23.5 0.289956737215
23.6 0.290158728012
23.7 0.29093412032
23.8 0.291135109092
23.9 0.291909042121
24.0 0.292109020957
24.1 0.292308109978
24.2 0.293080443845
24.3 0.29327851209
24.4 0.294049358147
24.5 0.294246397775
24.6 0.294442541078
24.7 0.295211747612
24.8 0.29540685155
24.9 0.295601055629
25.0 0.296368599138
25.1 0.296561753155
25.2 0.297327764759
25.3 0.29751986099
25.4 0.297711050923
25.5 0.298475360239
25.6 0.298665481783
25.7 0.29885469354
25.8 0.299617277669
25.9 0.299805410486
26.0 0.300566420032
26.1 0.300753466299
26.2 0.300939596418
26.3 0.30169884262
26.4 0.301883875735
26.5 0.302067989258
26.6 0.302825449823
26.7 0.30300845594
26.8 0.303764300672
26.9 0.30394619189
27.0 0.304127157236
27.1 0.304881179289
27.2 0.305061019432
27.3 0.305239930306
27.4 0.305992108
27.5 0.30616988342
27.6 0.306920405469
27.7 0.307097038065
27.8 0.30727273519
27.9 0.308021376961
28.0 0.30819592111
28.1 0.30836952644
28.2 0.30911626687
28.3 0.309288709128
28.4 0.309460209238
28.5 0.31020502748
28.6 0.310375354478
28.7 0.311118464765
28.8 0.311287611445
28.9 0.311455809889
29.0 0.312196963604
29.1 0.31236397179
29.2 0.312530028461
29.3 0.313269205379
29.4 0.31343406191
29.5 0.313597963665
29.6 0.314335143784
29.7 0.314497835573
29.8 0.315233258097
29.9 0.315394732884
30.0 0.315555246924
30.1 0.316288639808
30.2 0.316447927122
30.3 0.31660625048
30.4 0.317337594348
30.5 0.317494681316
30.6 0.31765080114
30.7 0.318380076837
30.8 0.318534950663
30.9 0.318688854177
31.0 0.319416042773
31.1 0.31956869074
31.2 0.32029406243
31.3 0.320445448033
31.4 0.320595857504
31.5 0.321319111214
31.6 0.321468248878
31.7 0.321616407293
31.8 0.322337524725
31.9 0.322484401949
32.0 0.32263029683
32.1 0.323349259909
32.2 0.323493864274
32.3 0.323637483221
32.4 0.324354274096
32.5 0.324496593263
32.6 0.325211512211
32.7 0.325352525003
32.8 0.325492546715
32.9 0.326205264556
33.0 0.326343970734
33.1 0.326481682813
33.2 0.327192182332
33.3 0.327328569781
33.4 0.32746396013
33.5 0.328172224339
33.6 0.328306281023
33.7 0.32843933763
33.8 0.329145349764
33.9 0.329277063732
34.0 0.329407774665
34.1 0.330111518185
34.2 0.330240877567
34.3 0.330369230978
34.4 0.331070689574
34.5 0.331197682583
34.6 0.331323666705
34.7 0.332022824293
34.8 0.332147439224
34.9 0.332844643584
35.0 0.332967883096
35.1 0.33309010833
35.2 0.333784985997
35.3 0.333905827133
35.4 0.334025651134
35.5 0.334718186663
35.6 0.33483661795
35.7 0.334954029266
35.8 0.335644207437
35.9 0.335760217485
36.0 0.33587520475
36.1 0.336563010569
36.2 0.336676588076
36.3 0.336789140007
36.4 0.33747455871
36.5 0.337585692455
36.6 0.337695797856
36.7 0.338378814904
36.8 0.338487493755
36.9 0.338595141514
37.0 0.339275742595
37.1 0.339381955504
37.2 0.339487134597
37.3 0.340165305626
37.4 0.340269041632
37.5 0.34037174112
37.6 0.341047468238
37.7 0.341148716467
37.8 0.341248925497
37.9 0.341922195074
38.0 0.342020944736
38.1 0.342118652544
38.2 0.342789451175
38.3 0.342885691571
38.4 0.342980887477
38.5 0.343649201985
38.6 0.3437429225
38.7 0.344409173828
38.8 0.344501413347
38.9 0.344592603456
39.0 0.345256350262
39.1 0.345346051509
39.2 0.345434700772
39.3 0.346095930517
39.4 0.346183083119
39.5 0.346269181187
39.6 0.346927881556
39.7 0.347012475227
39.8 0.347096011837
39.9 0.347752170744
40.0 0.347834195287
40.1 0.347915160268
40.2 0.348568765849
40.3 0.348648211158
40.4 0.348726594423
40.5 0.349377635043
40.6 0.349454491098
40.7 0.349530282654
40.8 0.350178746902
40.9 0.350253003774
41.0 0.350326193714
41.1 0.350972070404
41.2 0.351043718252
41.3 0.35111429676
41.4 0.351757574932
41.5 0.351826604006
41.6 0.351894561356
41.7 0.352535230273
41.8 0.352601630913
41.9 0.352666957468
42.0 0.353305006618
42.1 0.353368769254
42.2 0.353431455467
42.3 0.354066874563
42.4 0.354127989715
42.5 0.354188026131
42.6 0.354820805108
42.7 0.354879263386
42.8 0.35493664064
42.9 0.355566769658
43.0 0.355622561762
43.1 0.355677270579
43.2 0.35630474002
43.3 0.356357856744
43.4 0.35640988794
43.5 0.357034688408
43.6 0.357085120635
43.7 0.357134465119
43.8 0.357756587441
43.9 0.357804326145
44.0 0.357850974915
44.1 0.35847041014
44.2 0.358515446387
44.3 0.358559390534
44.4 0.35917612993
44.5 0.359218454878
44.6 0.359259685584
44.7 0.359873720643
44.8 0.359913325541
44.9 0.35995183408
45.0 0.360563156513
45.1 0.360600032701
45.2 0.360635810439
45.3 0.361244412177
45.4 0.361278551089
45.5 0.361311589484
45.6 0.361917462676
45.7 0.361948855838
45.8 0.36197914644
45.9 0.362582283455
46.0 0.362610922484
46.1 0.362638456936
46.2 0.363238850362
46.3 0.363264726967
46.4 0.363289497004
46.5 0.363887139645
46.6 0.363910245629
46.7 0.36393224308
46.8 0.364527127957
46.9 0.364547455216
47.0 0.364566672001
47.1 0.365158792353
47.2 0.365176332875
47.3 0.365192761006
47.4 0.365782110286
47.5 0.365796856152
47.6 0.365810487737
47.7 0.366397059615
47.8 0.366409002998
47.9 0.366419830236
48.0 0.367003618596
48.1 0.367012751763
48.2 0.367020766946
48.3 0.367601765885
48.4 0.367608081197
48.5 0.368186869055
48.6 0.368191480539
48.7 0.368194970449
48.8 0.368770961616
48.9 0.368772742015
49.0 0.368773399068
49.1 0.369346588237
49.2 0.369345530165
49.3 0.369343347002
49.4 0.369913729077
49.5 0.369909825241
49.6 0.369904794596
49.7 0.370472364691
49.8 0.370465607893
49.9 0.370457722593
50.0 0.371022476032
50.1 0.371012859166
50.2 0.37100211213
50.3 0.371564044447
50.4 0.3715515605
50.5 0.371537944742
50.6 0.372097051678
50.7 0.372081693732
50.8 0.372065202361
50.9 0.372621479863
51.0 0.372603241093
51.1 0.372583867309
51.2 0.373137311532
51.3 0.373116185207
51.4 0.373093922305
51.5 0.373644529608
51.6 0.373620509091
51.7 0.37359535046
51.8 0.374143117407
51.9 0.374116196153
52.0 0.37466174588
52.1 0.374633058636
52.2 0.374603230194
52.3 0.375145936711
52.4 0.375114337389
52.5 0.375081595404
52.6 0.375621455843
52.7 0.375586938154
52.8 0.375551276362
52.9 0.376088288057
53.0 0.376050845805
53.1 0.376012258037
53.2 0.376546418519
53.3 0.376506045602
53.4 0.376464525783
53.5 0.376995832785
53.6 0.376952523195
53.7 0.376908065342
53.8 0.377436516795
53.9 0.377390264616
54.0 0.377916506407
54.1 0.377868456872
54.2 0.377819256284
54.3 0.378342642108
54.4 0.378291639725
54.5 0.378239485
54.6 0.378760013335
54.7 0.378706052443
54.8 0.378650937947
54.9 0.379168607467
55.0 0.379111682498
55.1 0.379053602689
55.2 0.37956841226
55.3 0.379508517741
55.4 0.380021127881
55.5 0.379959415852
55.6 0.379896546401
55.7 0.38040629784
55.8 0.380341606757
55.9 0.380275757087
56.0 0.380782649226
56.1 0.380714973867
56.2 0.380646138784
56.3 0.38115017121
56.4 0.381079506447
56.5 0.3815813504
56.6 0.38150885334
56.7 0.381435194139
56.8 0.381934180912
56.9 0.381858685537
57.0 0.381782026955
57.1 0.382278156659
57.2 0.382199658093
57.3 0.382693609244
57.4 0.382613268211
57.5 0.382531761671
57.6 0.38302285921
57.7 0.382939506505
57.8 0.3828549873
57.9 0.38334323185
58.0 0.383256862849
58.1 0.383742939895
58.2 0.383654718744
58.3 0.383565328915
58.4 0.384048557336
58.5 0.383957311838
58.6 0.383864896741
58.7 0.38434527766
58.8 0.384251003441
58.9 0.38472922901
59.0 0.384633093446
59.1 0.384535786222
59.2 0.385011169543
59.3 0.384911997633
59.4 0.385385234641
59.5 0.385284195902
59.6 0.385181983521
59.7 0.385652384093
59.8 0.385548301653
59.9 0.385443044766
60.0 0.385910610827
60.1 0.385803480716
60.2 0.386268914378
60.3 0.386159909028
60.4 0.386049727367
60.5 0.386512333187
60.6 0.386400273233
60.7 0.386860756797
60.8 0.386746816614
60.9 0.386631698334
61.0 0.387089361263
61.1 0.386972359808
61.2 0.387427911044
61.3 0.387309024561
61.4 0.387188958266
61.5 0.387641696604
61.6 0.387519742445
61.7 0.387970380066
61.8 0.387846536265
61.9 0.387721511017
62.0 0.388169343997
62.1 0.38804242638
62.2 0.388488170022
62.3 0.388359358338
62.4 0.388803018833
62.5 0.388672311416
62.6 0.388540420036
62.7 0.388981290248
62.8 0.38884750056
62.9 0.389286299575
63.0 0.389150609991
63.1 0.389587344245
63.2 0.389449753209
63.3 0.389310975842
63.4 0.389744935202
63.5 0.389604253959
63.6 0.390036161061
63.7 0.389893574463
63.8 0.390323435984
63.9 0.390178942581
64.0 0.390033260625
64.1 0.390460363646
64.2 0.390312772612
64.3 0.390737843091
64.4 0.390588341605
64.5 0.391011386451
64.6 0.390859973172
64.7 0.391280999362
64.8 0.391127672979
64.9 0.390973155153
65.0 0.391391446792
65.1 0.391235013778
65.2 0.391651300476
65.3 0.391492951036
65.4 0.391907239992
65.5 0.391746972921
65.6 0.3921592714
65.7 0.39199708552
65.8 0.392407400853
65.9 0.392243295019
66.0 0.392651634601
66.1 0.392485607696
66.2 0.392891978985
66.3 0.392724029924
66.4 0.392554884557
66.5 0.392958568167
66.6 0.392787498872
66.7 0.393189228983
66.8 0.393016234745
66.9 0.393416019018
67.0 0.393241098851
67.1 0.393638945009
67.2 0.393462097957
67.3 0.393858013782
67.4 0.393679238918
67.5 0.394073232251
67.6 0.393892528674
67.7 0.394284607415
67.8 0.394101974256
67.9 0.39449214636
68.0 0.394307582777
68.1 0.394695856258
68.2 0.395082968286
68.3 0.394895744361
68.4 0.395280974118
68.5 0.395091818009
68.6 0.395475173655
68.7 0.395284084619
68.8 0.395665574368
68.9 0.395472551691
69.0 0.39585218381
69.1 0.395657226806
69.2 0.396035009613
69.3 0.395838117621
69.4 0.396214059486
69.5 0.396588897585
69.6 0.396389341216
69.7 0.396762355317
69.8 0.396560862664
69.9 0.396932061269
70.0 0.396728631767
70.1 0.397098023427
70.2 0.397466344516
70.3 0.397260249849
70.4 0.397626781235
70.5 0.397418748665
70.6 0.397783499023
70.7 0.398147203712
70.8 0.397936506123
70.9 0.398298447232
71.0 0.398085810853
71.1 0.398445997173
71.2 0.398805162946
71.3 0.398589861958
71.4 0.398947290583
71.5 0.399303715138
71.6 0.399085750459
71.7 0.39944045562
71.8 0.399794173265
71.9 0.399573545907
72.0 0.399925562024
72.1 0.400276607253
72.2 0.400053318317
72.3 0.400402679989
72.4 0.400751087472
72.5 0.400525138149
72.6 0.400871880146
72.7 0.401217684721
72.8 0.400989076285
72.9 0.40133323354
73.0 0.401676470205
73.1 0.402018794103
73.2 0.401786811616
73.3 0.402127515515
73.4 0.402467323562
73.5 0.40223268619
73.6 0.402570892614
73.7 0.402908220152
73.8 0.403244676683
73.9 0.403580270094
74.0 0.40334155631
74.1 0.403675584841
74.2 0.404008767308
74.3 0.404341111622
74.4 0.404672625705
74.5 0.404429848164
74.6 0.40475983433
74.7 0.405089007395
74.8 0.405417375301
74.9 0.405744945993
75.0 0.406071727425
75.1 0.405824197602
75.2 0.406149497508
75.3 0.406474025357
75.4 0.406797789118
75.5 0.407120796763
75.6 0.407443056269
75.7 0.407764575614
75.8 0.408085362782
75.9 0.408405425757
76.0 0.408724772527
76.1 0.409043411082
76.2 0.409361349413
76.3 0.409678595514
76.4 0.409995157378
76.5 0.410311043001
76.6 0.410626260379
76.7 0.410940817507
76.8 0.411254722381
76.9 0.411567982997
77.0 0.411880607349
77.1 0.412192603432
77.2 0.412503979238
77.3 0.412814742757
77.4 0.413124901979
77.5 0.414008086337
77.6 0.414317148342
77.7 0.414625636676
77.8 0.414933559316
77.9 0.415240924233
78.0 0.416121379935
78.1 0.416427778502
78.2 0.416733649893
78.3 0.417039002056
78.4 0.417917557634
78.5 0.418222051398
78.6 0.419099632925
78.7 0.419403330982
78.8 0.419706562724
78.9 0.420583010693
79.0 0.420885531694
79.1 0.421761260066
79.2 0.422063132682
79.3 0.42293824825
79.4 0.423239534669
79.5 0.42411414396
79.6 0.424414906185
79.7 0.425289115436
79.8 0.42616309845
79.9 0.426463330407
80.0 0.427337085474
80.1 0.428210721352
80.2 0.429084278839
80.3 0.429957798649
80.4 0.43083132141
80.5 0.431131328274
80.6 0.43200499084
80.7 0.432878762106
80.8 0.433752682349
80.9 0.435200394976
81.0 0.436074783342
81.1 0.43694945633
81.2 0.437824453743
81.3 0.438699815266
81.4 0.440149262364
81.5 0.441025602034
81.6 0.442476085094
81.7 0.443353625725
81.8 0.444805447085
81.9 0.446258002223
82.0 0.447137869485
82.1 0.448592234404
82.2 0.450047602108
82.3 0.451504069702
82.4 0.45296173381
82.5 0.45442069055
82.6 0.456454639962
82.7 0.45791656779
82.8 0.459380097541
82.9 0.461419051681
83.0 0.46345990686
83.1 0.465502842435
83.2 0.46754803642
83.3 0.46959566544
83.4 0.471645904677
83.5 0.474272566811
83.6 0.476328689359
83.7 0.478961728359
83.8 0.482171908486
83.9 0.484812416652
84.0 0.4874570854
84.1 0.490679923078
84.2 0.49448129075
84.3 0.497714495792
84.4 0.501527169102
84.5 0.505346285913
84.6 0.50974609835
84.7 0.514727298366
84.8 0.519717157788
84.9 0.524716647194
85.0 0.530874112868
85.1 0.537617350844
85.2 0.544948122669
85.3 0.553442233666
85.4 0.563102715496
85.5 0.575081091102
85.6 0.59053190613
85.7 0.624387299343
85.8 0.63163856071
85.9 0.631718555092
86.0 0.631796625149
86.1 0.631872770644
86.2 0.631946991345
86.3 0.632019287026
86.4 0.632089657466
86.5 0.632158102452
86.6 0.632224621775
86.7 0.632289215231
86.8 0.632351882625
86.9 0.632412623766
87.0 0.632471438468
87.1 0.632528326553
87.2 0.632583287846
87.3 0.632636322181
87.4 0.632687429396
87.5 0.632736609336
87.6 0.63278386185
87.7 0.632829186794
87.8 0.632872584031
87.9 0.632914053429
88.0 0.63295359486
88.1 0.632991208206
88.2 0.63302689335
88.3 0.633060650184
88.4 0.633092478606
88.5 0.633122378518
88.6 0.63315034983
88.7 0.633176392456
88.8 0.633200506317
88.9 0.63322269134
89.0 0.633242947456
89.1 0.633261274605
89.2 0.633277672729
89.3 0.63329214178
89.4 0.633304681714
89.5 0.633315292492
89.6 0.633323974081
89.7 0.633330726456
89.8 0.633335549595
89.9 0.633338443485
